# computed vector file
version 2
vector 0  scenario.vision  crop(vehicles-tracked)  TV
0	240.3	464
0	240.6	465
0	240.9	466
0	241.2	467
0	241.5	468
0	241.8	469
0	241.9	468
0	242.1	469
0	242.4	470
0	244.2	471
0	244.5	472
0	244.8	473
0	245.4	474
0	245.7	475
0	246.2	476
0	246.2	475
0	246.7	474
0	246.9	473
0	247.3	474
0	250.1	473
0	250.6	472
0	250.8	473
0	251.1	474
0	251.4	475
0	251.7	476
0	252.8	475
0	254.7	476
0	255	477
0	255.3	478
0	255.8	477
0	260.3	478
0	261	477
0	262.5	478
0	262.8	479
0	263	478
0	264.4	477
0	264.6	478
0	264.9	479
0	265.7	478
0	267.2	477
0	267.6	478
0	267.9	477
0	268.2	478
0	268.5	479
0	268.8	480
0	270.9	481
0	270.9	482
0	272.7	483
0	273.3	484
0	273.9	485
0	274	486
0	274.2	487
0	274.4	486
0	274.8	487
0	275.7	488
0	275.8	487
0	276.4	486
0	276.7	485
0	278.7	486
0	278.8	487
0	282.3	488
0	282.5	487
0	282.6	488
0	282.9	489
0	283	488
0	285.4	487
0	285.9	488
0	286.2	489
0	286.3	488
0	286.5	489
0	286.8	490
0	287.4	491
0	287.7	492
0	289.5	493
0	289.8	494
0	290.1	495
0	290.4	496
0	290.7	497
0	291.1	496
0	291.4	495
0	292.8	494
0	292.9	493
0	293.1	494
0	293.3	493
0	293.4	494
0	294.3	495
0	294.3	494
0	294.6	495
0	294.8	494
0	296.5	493
0	296.7	494
0	297	495
0	298.4	494
0	298.8	493
0	299.4	492
0	300.7	491
0	300.9	492
0	301.1	491
0	301.2	492
0	301.5	493
0	301.8	494
0	302.1	495
0	302.7	494
0	303.2	493
0	303.6	492
0	304.9	491
0	305.7	492
0	306	493
0	306.3	494
0	307.8	495
0	308.1	496
0	309	497
0	310.5	496
0	311	495
0	311.1	496
0	311.3	497
0	311.4	498
0	311.6	497
0	314.1	496
0	315.3	497
0	315.6	498
0	315.9	499
0	316.2	498
0	317.8	497
0	318	498
0	318.3	499
0	319.1	498
0	319.2	499
0	319.2	498
0	320.2	497
0	321.6	498
0	321.7	497
0	321.9	498
0	322	497
0	322.4	496
0	324.4	495
0	324.7	494
0	325.5	495
0	325.5	496
0	325.5	495
0	326.1	494
0	326.8	493
0	328.2	494
0	328.8	493
0	330.8	494
0	332	493
0	332.4	494
0	333.8	493
0	333.9	494
0	334.3	493
0	334.6	492
0	334.8	491
0	334.9	490
0	334.9	489
0	335.3	490
0	336.3	491
0	336.8	490
0	336.9	491
0	337.4	490
0	338	491
0	338	490
0	339	489
0	339.2	488
0	340	487
0	340.8	488
0	340.9	487
0	341.1	488
0	341.4	489
0	342.9	490
0	343.2	491
0	343.5	492
0	343.8	493
0	344.1	494
0	344.4	495
0	345.1	494
0	345.6	493
0	346.2	494
0	346.3	493
0	346.4	492
0	347.1	491
0	348.3	492
0	349.3	491
0	349.5	492
0	349.8	493
0	349.8	494
0	350.5	493
0	350.7	492
0	352.6	491
0	353.1	490
0	353.7	491
0	354	492
0	354	491
0	354.1	490
0	354.3	491
0	354.8	490
0	355.1	489
0	355.2	490
0	357	489
0	357.3	490
0	357.6	491
0	358.3	490
0	358.6	489
0	360	490
0	360	489
0	360	488
0	360	487
0	360	486
0	360	485
0	360	484
0	360	483
0	360	482
0	360	481
0	360	480
0	360	479
0	360	478
0	360	477
0	360	476
0	360	475
0	360	474
0	360	473
0	360	472
0	360	471
0	360	470
0	360	469
0	360	468
0	360	467
0	360	466
0	360	465
0	360	464
0	360	463
0	360	462
0	360	461
0	360	460
0	360	459
0	360	458
0	360	457
0	360	456
0	360	455
0	360	454
0	360	453
0	360	452
0	360	451
0	360	450
0	360	449
0	360	448
0	360	447
0	360	446
0	360	445
0	360	444
0	360	443
0	360	442
0	360	441
0	360	440
0	360	439
0	360	438
0	360	437
0	360	436
0	360	435
0	360	434
0	360	433
0	360	432
0	360	431
0	360	430
0	360	429
0	360	428
0	360	427
0	360	426
0	360	425
0	360	424
0	360	423
0	360	422
0	360	421
0	360	420
0	360	419
0	360	418
0	360	417
0	360	416
0	360	415
0	360	414
0	360	413
0	360	412
0	360	411
0	360	410
0	360	409
0	360	408
0	360	407
0	360	406
0	360	405
0	360	404
0	360	403
0	360	402
0	360	401
0	360	400
0	360	399
0	360	398
0	360	397
0	360	396
0	360	395
0	360	394
0	360	393
0	360	392
0	360	391
0	360	390
0	360	389
0	360	388
0	360	387
0	360	386
0	360	385
0	360	384
0	360	383
0	360	382
0	360	381
0	360	380
0	360	379
0	360	378
0	360	377
0	360	376
0	360	375
0	360	374
0	360	373
0	360	372
0	360	371
0	360	370
0	360	369
0	360	368
0	360	367
0	360	366
0	360	365
0	360	364
0	360	363
0	360	362
0	360	361
0	360	360
0	360	359
0	360	358
0	360	357
0	360	356
0	360	355
0	360	354
0	360	353
0	360	352
0	360	351
0	360	350
0	360	349
0	360	348
0	360	347
0	360	346
0	360	345
0	360	344
0	360	343
0	360	342
0	360	341
0	360	340
0	360	339
0	360	338
0	360	337
0	360	336
0	360	335
0	360	334
0	360	333
0	360	332
0	360	331
0	360	330
0	360	329
0	360	328
0	360	327
0	360	326
0	360	325
0	360	324
0	360	323
0	360	322
0	360	321
0	360	320
0	360	319
0	360	318
0	360	317
0	360	316
0	360	315
0	360	314
0	360	313
0	360	312
0	360	311
0	360	310
0	360	309
0	360	308
0	360	307
0	360	306
0	360	305
0	360	304
0	360	303
0	360	302
0	360	301
0	360	300
0	360	299
0	360	298
0	360	297
0	360	296
0	360	295
0	360	294
0	360	293
0	360	292
0	360	291
0	360	290
0	360	289
0	360	288
0	360	287
0	360	286
0	360	285
0	360	284
0	360	283
0	360	282
0	360	281
0	360	280
0	360	279
0	360	278
0	360	277
0	360	276
0	360	275
0	360	274
0	360	273
0	360	272
0	360	271
0	360	270
0	360	269
0	360	268
0	360	267
0	360	266
0	360	265
0	360	264
0	360	263
0	360	262
0	360	261
0	360	260
0	360	259
0	360	258
0	360	257
0	360	256
0	360	255
0	360	254
0	360	253
0	360	252
0	360	251
0	360	250
0	360	249
0	360	248
0	360	247
0	360	246
0	360	245
0	360	244
0	360	243
0	360	242
0	360	241
0	360	240
0	360	239
0	360	238
0	360	237
0	360	236
0	360	235
0	360	234
0	360	233
0	360	232
0	360	231
0	360	230
0	360	229
0	360	228
0	360	227
0	360	226
0	360	225
0	360	224
0	360	223
0	360	222
0	360	221
0	360	220
0	360	219
0	360	218
0	360	217
0	360	216
0	360	215
0	360	214
0	360	213
0	360	212
0	360	211
0	360	210
0	360	209
0	360	208
0	360	207
0	360	206
0	360	205
0	360	204
0	360	203
0	360	202
0	360	201
0	360	200
0	360	199
0	360	198
0	360	197
0	360	196
0	360	195
0	360	194
0	360	193
0	360	192
0	360	191
0	360	190
0	360	189
0	360	188
0	360	187
0	360	186
0	360	185
0	360	184
0	360	183
0	360	182
0	360	181
0	360	180
0	360	179
0	360	178
0	360	177
0	360	176
0	360	175
0	360	174
0	360	173
0	360	172
0	360	171
0	360	170
0	360	169
0	360	168
0	360	167
0	360	166
0	360	165
0	360	164
0	360	163
0	360	162
0	360	161
0	360	160
0	360	159
0	360	158
0	360	157
0	360	156
0	360	155
0	360	154
0	360	153
0	360	152
0	360	151
0	360	150
0	360	149
0	360	148
0	360	147
0	360	146
0	360	145
0	360	144
0	360	143
0	360	142
0	360	141
0	360	140
0	360	139
0	360	138
0	360	137
0	360	136
0	360	135
0	360	134
0	360	133
0	360	132
0	360	131
0	360	130
0	360	129
0	360	128
0	360	127
0	360	126
0	360	125
0	360	124
0	360	123
0	360	122
0	360	121
0	360	120
0	360	119
0	360	118
0	360	117
0	360	116
0	360	115
0	360	114
0	360	113
0	360	112
0	360	111
0	360	110
0	360	109
0	360	108
0	360	107
0	360	106
0	360	105
0	360	104
0	360	103
0	360	102
0	360	101
0	360	100
0	360	99
0	360	98
0	360	97
0	360	96
0	360	95
0	360	94
0	360	93
0	360	92
0	360	91
0	360	90
0	360	89
0	360	88
0	360	87
0	360	86
0	360	85
0	360	84
0	360	83
0	360	82
0	360	81
0	360	80
0	360	79
0	360	78
0	360	77
0	360	76
0	360	75
0	360	74
0	360	73
0	360	72
0	360	71
0	360	70
0	360	69
0	360	68
0	360	67
0	360	66
0	360	65
0	360	64
0	360	63
0	360	62
0	360	61
0	360	60
0	360	59
0	360	58
0	360	57
0	360	56
0	360	55
0	360	54
0	360	53
0	360	52
0	360	51
0	360	50
0	360	49
0	360	48
0	360	47
0	360	46
0	360	45
0	360	44
0	360	43
0	360	42
0	360	41
0	360	40
0	360	39
0	360	38
0	360	37
0	360	36
0	360	35
0	360	34
0	360	33
0	360	32
0	360	31
0	360	30
0	360	29
0	360	28
0	360	27
0	360	26
0	360	25
0	360	24
0	360	23
0	360	22
0	360	21
0	360	20
0	360	19
0	360	18
0	360	17
0	360	16
0	360	15
0	360	14
0	360	13
0	360	12
0	360	11
0	360	10
0	360	9
0	360	8
0	360	7
0	360	6
0	360	5
0	360	4
0	360	3
0	360	2
0	360	1
0	360	0
