# computed vector file
version 2
vector 0  scenario.node[0].appl  "aggregator(NVE Received Distance)"  ETV
0	-1	3.122538788826	9.2356991033081
0	-1	3.172538788826	9.1936534882036
0	-1	3.840964300067	12.93425465879
0	-1	3.890964300067	13.283873117536
0	-1	4.992224788826	17.538618446208
0	-1	5.042224788826	18.222302146841
0	-1	5.140964300067	19.247743929903
0	-1	5.190964300067	19.716464061524
0	-1	6.092224788826	22.661164972335
0	-1	6.142224788826	23.449531410488
0	-1	6.782224788826	26.017533823551
0	-1	6.832224788826	26.857032226031
0	-1	7.682224788826	30.168373980283
0	-1	7.732224788826	31.080398291825
0	-1	8.293499407633	31.696966323237
0	-1	8.343499407633	31.975775311035
0	-1	8.420964300067	34.758076008579
0	-1	8.470964300067	35.450437443218
0	-1	8.612224788826	35.119688731928
0	-1	8.662224788826	34.607424556983
0	-1	8.940042755932	35.533591970513
0	-1	8.990042755932	35.622272321771
0	-1	10.372224788826	38.15412125432
0	-1	10.422224788826	38.879704049077
0	-1	10.583185407633	52.422566890264
0	-1	10.633185407633	53.33506159362
0	-1	10.880964300067	40.412565868808
0	-1	10.930964300067	39.714914032199
0	-1	11.302224788826	39.294005574806
0	-1	11.323185407633	63.569097266114
0	-1	11.352224788826	38.59852506896
0	-1	11.373185407633	64.057455988677
0	-1	11.510042755932	66.65851451465
0	-1	11.560042755932	66.984020558355
0	-1	11.750964300067	39.992524153187
0	-1	11.800964300067	39.298702310612
0	-1	12.300557291904	63.366511361829
0	-1	12.350557291904	63.406055735026
0	-1	12.542224788826	38.748168280347
0	-1	12.592224788826	38.056563256997
0	-1	13.000964300067	39.324675240522
0	-1	13.050964300067	40.017912659091
0	-1	13.510964300067	39.445890268996
0	-1	13.560964300067	40.139178688219
0	-1	13.710042755932	28.145340282733
0	-1	13.760042755932	28.67232002408
0	-1	13.760964300067	39.932299094622
0	-1	13.810964300067	39.079553142158
0	-1	14.010964300067	38.325130843894
0	-1	14.060964300067	38.957160876147
0	-1	14.160964300067	38.379613515752
0	-1	14.210964300067	37.288184413102
0	-1	14.300243291904	32.411025506838
0	-1	14.310964300067	36.387649705329
0	-1	14.350243291904	32.179635843677
0	-1	14.360964300067	36.890156407777
0	-1	14.460964300067	35.995596433129
0	-1	14.510964300067	34.795621040384
0	-1	14.710964300067	33.300667010035
0	-1	14.742224788826	32.711113203142
0	-1	14.760964300067	33.668050689678
0	-1	14.792224788826	32.082621112267
0	-1	14.816535084811	21.614909057394
0	-1	14.866535084811	21.531459333282
0	-1	15.010964300067	31.664161479426
0	-1	15.060964300067	32.07406571491
0	-1	15.350243291904	39.157683206814
0	-1	15.400243291904	40.170638737816
0	-1	15.422893882722	26.052270731163
0	-1	15.472893882722	26.545323200326
0	-1	15.492224788826	27.755804468745
0	-1	15.542224788826	28.299487292896
0	-1	15.770042755932	43.191108251639
0	-1	15.820042755932	43.202217291513
0	-1	15.920964300067	30.330520610624
0	-1	15.970964300067	30.951333743792
0	-1	16.342224788826	32.708445756419
0	-1	16.392224788826	32.511565982403
0	-1	16.470042755932	47.656293139585
0	-1	16.492224788826	32.956926158376
0	-1	16.520042755932	47.536276471911
0	-1	16.542224788826	33.575275313292
0	-1	16.606221084811	33.826128471093
0	-1	16.642224788826	33.758229170837
0	-1	16.656221084811	33.558265453461
0	-1	16.692224788826	33.417496779416
0	-1	16.760243291904	47.832361907504
0	-1	16.792224788826	33.360625881918
0	-1	16.810243291904	48.77510685911
0	-1	16.842224788826	33.761992696928
0	-1	16.942224788826	33.684575475528
0	-1	16.992224788826	33.079022390319
0	-1	17.092224788826	32.985756463795
0	-1	17.142224788826	33.613910273722
0	-1	17.160042755932	51.07502856671
0	-1	17.172893882722	48.414697903578
0	-1	17.210042755932	50.829473559133
0	-1	17.222893882722	46.415062129669
0	-1	17.302224788826	34.147030476466
0	-1	17.352224788826	33.452768905343
0	-1	17.600243291904	52.337669546984
0	-1	17.650243291904	51.820270375496
0	-1	17.842224788826	63.475119161256
0	-1	17.892224788826	62.778902967901
0	-1	18.000042755932	53.633919116781
0	-1	18.050042755932	54.320898376171
0	-1	18.156221084811	65.10440395751
0	-1	18.206221084811	63.329498164314
0	-1	18.360964300067	60.365069053859
0	-1	18.392224788826	49.29451897131
0	-1	18.410964300067	58.846368523143
0	-1	18.442224788826	47.239309951183
0	-1	18.724048577785	41.130036457611
0	-1	18.774048577785	41.055450125349
0	-1	19.050042755932	56.432154072168
0	-1	19.100042755932	55.853374565854
0	-1	19.176221084811	47.467554291403
0	-1	19.182224788826	32.89986882196
0	-1	19.226221084811	48.350666254483
0	-1	19.232224788826	33.587442156746
0	-1	19.332893882722	49.417350098211
0	-1	19.382893882722	50.107727681039
0	-1	19.450243291904	55.549736290715
0	-1	19.500243291904	56.267758641546
0	-1	19.630964300067	34.436821694985
0	-1	19.680964300067	35.132321212415
0	-1	20.420243291904	58.959082106119
0	-1	20.423734577785	58.591832943782
0	-1	20.470243291904	59.649978422924
0	-1	20.473734577785	58.361969378249
0	-1	20.526221084811	51.748547723032
0	-1	20.576221084811	51.138434995829
0	-1	20.630329782213	41.609030229596
0	-1	20.672224788826	42.633046921199
0	-1	20.680015782213	41.541825588743
0	-1	20.722224788826	43.180722315719
0	-1	20.770964300067	51.756332380224
0	-1	20.820964300067	53.802942490766
0	-1	21.402893882722	69.257999872363
0	-1	21.452893882722	52.716598162003
0	-1	21.500042755932	56.221281107882
0	-1	21.502224788826	52.139348151019
0	-1	21.550042755932	56.881672789283
0	-1	21.552224788826	52.828992400013
0	-1	21.613734577785	68.37168217323
0	-1	21.663734577785	68.034609194091
0	-1	21.670042755932	56.994456417226
0	-1	21.720042755932	56.079840026456
0	-1	21.910042755932	55.220344581952
0	-1	21.960042755932	55.844003104256
0	-1	22.060042755932	55.13010562135
0	-1	22.110042755932	53.924749045771
0	-1	22.150015782213	58.039871551154
0	-1	22.200015782213	59.217919745674
0	-1	22.210042755932	53.008709777167
0	-1	22.260042755932	53.475803587061
0	-1	22.360042755932	52.323566663045
0	-1	22.370964300067	43.196239919689
0	-1	22.410042755932	50.901564565729
0	-1	22.420964300067	45.258033756266
0	-1	22.610042755932	69.696048871304
0	-1	22.660042755932	69.030582652018
0	-1	22.743185407633	59.136960808966
0	-1	22.793185407633	59.815112923589
0	-1	22.860042755932	63.507611930655
0	-1	22.910042755932	61.437616506658
0	-1	23.009781671821	62.754756848022
0	-1	23.013455656676	58.626341612762
0	-1	23.032224788826	66.60169369268
0	-1	23.059781671821	62.77223073905
0	-1	23.063455656676	57.934597652816
0	-1	23.082224788826	67.289979841782
0	-1	23.132893882722	43.811653072886
0	-1	23.182893882722	44.126438835991
0	-1	23.186221084811	65.41425423415
0	-1	23.236221084811	67.481617537527
0	-1	23.360015782213	68.073867703978
0	-1	23.410015782213	69.125023624298
0	-1	23.493185407633	70.240780066087
0	-1	23.500243291904	42.509713713318
0	-1	23.550243291904	42.033408426358
0	-1	23.740042755932	42.531494937615
0	-1	23.790042755932	42.946309920703
0	-1	24.072224788826	55.958797870902
0	-1	24.113455656676	62.686060446046
0	-1	24.122224788826	57.905976765828
0	-1	24.163455656676	62.04253982732
0	-1	24.220243291904	61.155146008908
0	-1	24.270243291904	60.989687659152
0	-1	24.306221084811	62.848368323586
0	-1	24.356221084811	63.44194006916
0	-1	24.422893882722	32.792012938576
0	-1	24.472893882722	32.954911084878
0	-1	24.600015782213	25.455477808078
0	-1	24.650015782213	25.885565048434
0	-1	24.832224788826	33.586319892936
0	-1	24.882224788826	32.894604193525
0	-1	25.183455656676	46.026714063267
0	-1	25.233455656676	45.171538103639
0	-1	25.402893882722	34.623072506315
0	-1	25.452893882722	34.7125026162
0	-1	25.513185407633	50.647632678389
0	-1	25.563185407633	49.961746270797
0	-1	25.720015782213	38.324244387165
0	-1	25.770015782213	38.841560111396
0	-1	25.770042755932	56.662252686891
0	-1	25.820042755932	57.158415101664
0	-1	25.920042755932	57.397289385042
0	-1	25.970042755932	58.069399868535
0	-1	26.231347762817	50.036572554866
0	-1	26.281347762817	50.043915744302
0	-1	26.670015782213	54.215043435104
0	-1	26.720015782213	54.844196210717
0	-1	26.742224788826	51.013740097016
0	-1	26.792224788826	50.327064385665
0	-1	26.813455656676	42.85650379377
0	-1	26.863455656676	43.289461689571
0	-1	26.920243291904	69.904338721889
0	-1	26.970243291904	57.621509022145
0	-1	27.253734577785	65.081017431822
0	-1	27.303734577785	64.160315197107
0	-1	27.360964300067	34.835853548265
0	-1	27.363185407633	34.693883175813
0	-1	27.380042755932	54.702937846112
0	-1	27.410964300067	34.151445128614
0	-1	27.413185407633	32.760615549882
0	-1	27.430042755932	56.108637286915
0	-1	27.670243291904	52.186547167862
0	-1	27.720243291904	50.867738913238
0	-1	27.820243291904	49.384892093483
0	-1	27.870243291904	49.571384302298
0	-1	27.970243291904	47.916640006485
0	-1	28.020243291904	45.932265184823
0	-1	28.071033762817	21.477192830999
0	-1	28.120243291904	44.098011812494
0	-1	28.121033762817	21.460681204304
0	-1	28.170243291904	44.162119606715
0	-1	28.200015782213	59.395910730365
0	-1	28.223185407633	22.672089978766
0	-1	28.250015782213	60.073018299091
0	-1	28.270243291904	42.603354319269
0	-1	28.273185407633	23.131221196769
0	-1	28.320243291904	41.189098340796
0	-1	28.420243291904	39.381467456883
0	-1	28.470243291904	39.262942251263
0	-1	28.470964300067	34.970963316964
0	-1	28.520964300067	34.275483581928
0	-1	28.570243291904	37.162683203498
0	-1	28.620243291904	35.289582974157
0	-1	28.686221084811	66.091791851387
0	-1	28.720243291904	33.236931690691
0	-1	28.734409206803	70.647882747926
0	-1	28.736221084811	67.567693679139
0	-1	28.750015782213	68.172217254907
0	-1	28.770243291904	32.996712155161
0	-1	28.800015782213	69.053167518112
0	-1	28.870243291904	30.89427923971
0	-1	28.891033762817	23.665727225217
0	-1	28.920243291904	29.099498782893
0	-1	28.933455656676	40.514577290209
0	-1	28.941033762817	23.832202886915
0	-1	28.962224788826	33.160920388346
0	-1	28.983455656676	40.451145370371
0	-1	29.012224788826	33.849399780494
0	-1	29.160243291904	24.660040760197
0	-1	29.210243291904	22.938214432539
0	-1	29.283185407633	44.372231237413
0	-1	29.333185407633	46.055656914298
0	-1	29.352893882722	23.223286865018
0	-1	29.400042755932	62.437608265078
0	-1	29.402893882722	23.859914328479
0	-1	29.450042755932	61.748051576513
0	-1	29.762224788826	33.168346752787
0	-1	29.793185407633	64.785854418901
0	-1	29.793455656676	29.549474131766
0	-1	29.812224788826	33.861344067199
0	-1	29.823734577785	28.055282524806
0	-1	29.843185407633	63.156873219431
0	-1	29.843455656676	28.288755728302
0	-1	29.861033762817	28.820869479075
0	-1	29.873734577785	27.455616984748
0	-1	29.911033762817	29.145105418274
0	-1	30.016221084811	29.761478017474
0	-1	30.066221084811	29.749228778678
0	-1	30.330243291904	22.003466547879
0	-1	30.380243291904	22.47305666409
0	-1	30.454095206803	52.711569932472
0	-1	30.504095206803	51.717243829159
0	-1	30.559101758828	39.877565739509
0	-1	30.583185407633	68.400377387351
0	-1	30.609101758828	40.738784801516
0	-1	30.633185407633	48.913939146997
0	-1	30.850042755932	49.117243337272
0	-1	30.900042755932	49.095646469636
0	-1	31.033185407633	43.192813450451
0	-1	31.053734577785	21.646454772481
0	-1	31.083185407633	43.397041151547
0	-1	31.103734577785	23.362316224258
0	-1	31.300015782213	37.2575284627
0	-1	31.350015782213	36.687267606608
0	-1	31.503734577785	33.06319240871
0	-1	31.526221084811	42.585906296384
0	-1	31.553734577785	33.731796659344
0	-1	31.576221084811	42.583778199469
0	-1	31.713455656676	36.516407862953
0	-1	31.753734577785	38.462185636128
0	-1	31.763455656676	36.513465783264
0	-1	31.783185407633	57.123552834562
0	-1	31.803734577785	40.106330170668
0	-1	31.833185407633	58.492436701015
0	-1	31.933185407633	59.633508338144
0	-1	31.938787758828	54.032446994011
0	-1	31.983185407633	59.782735599669
0	-1	31.988787758828	54.081773211532
0	-1	31.990042755932	45.274407577421
0	-1	32.003734577785	44.324804185666
0	-1	32.010015782213	27.061957595994
0	-1	32.032224788826	60.989220918997
0	-1	32.040042755932	45.624936091426
0	-1	32.053734577785	44.905939952232
0	-1	32.060015782213	26.596241055551
0	-1	32.082224788826	61.680049018032
0	-1	32.083344788826	60.726836390248
0	-1	32.133185407633	61.432665591101
0	-1	32.153734577785	46.767496365013
0	-1	32.203734577785	48.21238691938
0	-1	32.233185407633	62.233839590192
0	-1	32.254095206803	46.349729482985
0	-1	32.283185407633	62.225152417421
0	-1	32.303734577785	49.758769027514
0	-1	32.304095206803	46.056396428332
0	-1	32.353734577785	50.167843318104
0	-1	32.383185407633	63.526531956421
0	-1	32.433185407633	64.927724374287
0	-1	32.453734577785	51.6422675548
0	-1	32.503734577785	52.913203492293
0	-1	32.523907537006	9.3240379097812
0	-1	32.573907537006	9.2874406570644
0	-1	32.628216622272	52.875887235749
0	-1	32.678216622272	52.198460756604
0	-1	32.703734577785	56.014878302226
0	-1	32.750042755932	46.530292185694
0	-1	32.753734577785	56.199804797448
0	-1	32.800042755932	47.101479530714
0	-1	32.983734577785	59.386300528738
0	-1	33.033734577785	60.825401983954
0	-1	33.250015782213	6.6030163299669
0	-1	33.300015782213	6.6098844888876
0	-1	33.411033762817	65.295189039522
0	-1	33.420964300067	33.558437581545
0	-1	33.461033762817	65.950350688284
0	-1	33.470964300067	34.143497213588
0	-1	33.480243291904	67.670627562843
0	-1	33.530243291904	68.622197904317
0	-1	33.624095206803	51.185572214954
0	-1	33.628787758828	22.136425763716
0	-1	33.652307877685	64.58927415363
0	-1	33.674095206803	51.683221710093
0	-1	33.678787758828	22.476789676871
0	-1	33.702307877685	63.997499072371
0	-1	34.103734577785	22.117224817331
0	-1	34.137902622272	13.073029266156
0	-1	34.153734577785	22.779080174527
0	-1	34.187902622272	12.480515443584
0	-1	34.216527744732	12.225321939695
0	-1	34.266527744732	12.210654390895
0	-1	34.300042755932	57.176044656856
0	-1	34.350042755932	57.155955793005
0	-1	34.391033762817	8.2864801563126
0	-1	34.441033762817	7.2231021004753
0	-1	34.582344788826	28.431520442796
0	-1	34.631993877685	53.41454673045
0	-1	34.632224788826	28.65918451305
0	-1	34.669781671821	8.9274080970473
0	-1	34.681993877685	52.861817371864
0	-1	34.719781671821	8.5947326801403
0	-1	34.732224788826	28.431036956241
0	-1	34.782224788826	27.83307358916
0	-1	34.850015782213	14.583681794777
0	-1	34.900015782213	15.262415693205
0	-1	34.950042755932	58.909046914877
0	-1	35.000042755932	59.931920788313
0	-1	35.200042755932	62.651531663933
0	-1	35.250042755932	63.221710914135
0	-1	35.268787758828	35.804578481637
0	-1	35.270964300067	26.695535399042
0	-1	35.282224788826	25.147313803178
0	-1	35.302893882722	70.301046700698
0	-1	35.318787758828	37.275934094344
0	-1	35.320964300067	25.794220214659
0	-1	35.332224788826	25.242656469947
0	-1	35.349781671821	6.6062772811069
0	-1	35.350042755932	65.074067831975
0	-1	35.352893882722	70.31881559835
0	-1	35.363455656676	39.371500157778
0	-1	35.399781671821	6.6333151435502
0	-1	35.400042755932	66.326671786903
0	-1	35.413455656676	40.77146703862
0	-1	35.500042755932	68.279991726988
0	-1	35.550042755932	68.279969368551
0	-1	35.553907537006	22.258974901459
0	-1	35.586221084811	68.638120711984
0	-1	35.600015782213	22.904843507471
0	-1	35.603907537006	22.717951674229
0	-1	35.636221084811	67.299122038632
0	-1	35.650015782213	22.844287482915
0	-1	35.650042755932	69.594475894845
0	-1	35.683734577785	44.71516320003
0	-1	35.700042755932	37.618431945329
0	-1	35.733734577785	45.458055841505
0	-1	35.750015782213	23.200472803115
0	-1	35.800015782213	24.021484248591
0	-1	35.900015782213	24.272737651195
0	-1	35.950015782213	23.611591863681
0	-1	36.002893882722	61.679548309995
0	-1	36.003455656676	49.212932851993
0	-1	36.040964300067	22.269400548891
0	-1	36.050015782213	23.756739449909
0	-1	36.052893882722	61.753813827792
0	-1	36.053455656676	49.282454948089
0	-1	36.076213744732	70.357110977314
0	-1	36.090964300067	22.705267659408
0	-1	36.100015782213	24.491946679904
0	-1	36.126213744732	69.187639224981
0	-1	36.192224788826	20.180665642076
0	-1	36.200015782213	25.110569856433
0	-1	36.201033762817	46.836471463759
0	-1	36.228787758828	69.073323824064
0	-1	36.242224788826	20.400068207338
0	-1	36.250015782213	25.146209551544
0	-1	36.251033762817	47.512508104618
0	-1	36.252893882722	59.558562818972
0	-1	36.253455656676	51.757091840719
0	-1	36.278787758828	68.511299115633
0	-1	36.302893882722	58.349368125507
0	-1	36.303455656676	52.91148548909
0	-1	36.350015782213	25.261525540162
0	-1	36.378787758828	66.15845621467
0	-1	36.400015782213	25.860306406803
0	-1	36.428787758828	64.748976627848
0	-1	36.439781671821	52.91810737484
0	-1	36.489781671821	52.443179338623
0	-1	36.500015782213	25.926450025694
0	-1	36.502893882722	56.0598990788
0	-1	36.503455656676	55.114208642816
0	-1	36.550015782213	25.454643407056
0	-1	36.552893882722	56.207605820597
0	-1	36.553455656676	55.141040622052
0	-1	36.553907537006	26.186779997195
0	-1	36.603907537006	60.991827726917
0	-1	36.650015782213	25.566381361767
0	-1	36.700015782213	26.108132911509
0	-1	36.702893882722	53.849321505719
0	-1	36.703455656676	57.252836920197
0	-1	36.709781671821	46.158115511667
0	-1	36.752893882722	54.028060912036
0	-1	36.753455656676	57.24522353997
0	-1	36.759781671821	45.652680594773
0	-1	36.792224788826	17.490503827321
0	-1	36.794442148313	48.84216362038
0	-1	36.800015782213	26.184968666027
0	-1	36.810964300067	18.429881816193
0	-1	36.842224788826	17.773194606708
0	-1	36.844442148313	50.131658444015
0	-1	36.850015782213	25.768139272638
0	-1	36.859781671821	43.589222490599
0	-1	36.860964300067	18.922091585732
0	-1	36.891033762817	64.594245745254
0	-1	36.909781671821	42.024067316005
0	-1	36.941033762817	66.653323434826
0	-1	36.952893882722	53.467372800304
0	-1	36.953455656676	59.953356052144
0	-1	37.002893882722	54.735825093644
0	-1	37.003455656676	61.347393062435
0	-1	37.009781671821	39.952213001698
0	-1	37.059781671821	39.461128436016
0	-1	37.080015782213	25.76508511816
0	-1	37.102893882722	55.752367251382
0	-1	37.110964300067	17.024929545293
0	-1	37.130015782213	26.289900942207
0	-1	37.152893882722	55.645045382818
0	-1	37.159781671821	36.838804140953
0	-1	37.160964300067	17.532092734159
0	-1	37.173734577785	54.751949056665
0	-1	37.209781671821	35.699940543655
0	-1	37.223734577785	55.205612318214
0	-1	37.292893882722	56.345844219445
0	-1	37.309781671821	34.311097047935
0	-1	37.310964300067	16.043381902245
0	-1	37.342893882722	57.306335737852
0	-1	37.359781671821	34.027186120695
0	-1	37.360964300067	16.554420977539
0	-1	37.372224788826	14.96041462012
0	-1	37.410243291904	58.270877441978
0	-1	37.422224788826	14.949153659547
0	-1	37.459781671821	32.804644817649
0	-1	37.460901671821	57.640514175635
0	-1	37.460964300067	15.845722277738
0	-1	37.502893882722	59.114053485914
0	-1	37.509781671821	31.74551020804
0	-1	37.510964300067	14.578673349923
0	-1	37.552893882722	58.914333135751
0	-1	37.609781671821	30.548205529076
0	-1	37.610964300067	13.894110082439
0	-1	37.616213744732	57.424565530224
0	-1	37.659781671821	30.443642111485
0	-1	37.660964300067	14.378454625796
0	-1	37.666213744732	57.77817214069
0	-1	37.667902622272	41.859971923057
0	-1	37.717902622272	41.446866885735
0	-1	37.752893882722	60.556921638644
0	-1	37.768787758828	62.105976660834
0	-1	37.802893882722	61.628429038502
0	-1	37.810964300067	12.487241896394
0	-1	37.818787758828	62.888128015901
0	-1	37.860964300067	12.978760998484
0	-1	37.936221084811	64.323490997388
0	-1	37.960964300067	12.2901280373
0	-1	37.973734577785	63.391381523676
0	-1	37.986221084811	64.425525391414
0	-1	38.010964300067	11.271103496743
0	-1	38.023734577785	70.366185710784
0	-1	38.102224788826	10.839191434521
0	-1	38.102893882722	64.034071683055
0	-1	38.152224788826	10.307152281903
0	-1	38.152893882722	63.728444240245
0	-1	38.210964300067	10.552328099043
0	-1	38.252224788826	9.9162503791001
0	-1	38.260964300067	11.093438407076
0	-1	38.302224788826	10.12585132919
0	-1	38.402224788826	9.8506684056662
0	-1	38.403907537006	27.819144002736
0	-1	38.452224788826	9.3048817256392
0	-1	38.453907537006	28.386076347174
0	-1	38.460964300067	10.554566783391
0	-1	38.510964300067	9.729060107843
0	-1	38.552224788826	9.0143670603169
0	-1	38.570546536078	26.708629278965
0	-1	38.602224788826	9.4244125884398
0	-1	38.620546536078	25.411595462401
0	-1	38.702224788826	9.2913333296494
0	-1	38.704442148313	69.795244821861
0	-1	38.752224788826	8.614425621904
0	-1	38.754442148313	69.530567474057
0	-1	38.778787758828	69.375238688727
0	-1	38.828787758828	69.3257939241
0	-1	38.852224788826	8.4819079806601
0	-1	38.902224788826	9.1156982991746
0	-1	38.927902622272	33.594325742637
0	-1	38.946221084811	25.226203613299
0	-1	38.961033762817	20.954270922551
0	-1	38.977902622272	33.163382472861
0	-1	38.996221084811	25.201044703742
0	-1	39.011033762817	20.47567215761
0	-1	39.102224788826	9.0831627773392
0	-1	39.140015782213	28.752417535975
0	-1	39.152224788826	8.4267740934474
0	-1	39.180964300067	10.132806372166
0	-1	39.190015782213	28.177182750395
0	-1	39.211033762817	17.714282234251
0	-1	39.212893882722	69.151187077637
0	-1	39.230964300067	9.4918468052675
0	-1	39.261033762817	17.320690217002
0	-1	39.262893882722	68.734572959045
0	-1	39.361033762817	18.400668185577
0	-1	39.411033762817	20.156793491088
0	-1	39.511033762817	20.639532812255
0	-1	39.561033762817	20.874686176282
0	-1	39.641993877685	47.420606038174
0	-1	39.662224788826	8.3341999449926
0	-1	39.683907537006	59.395121516616
0	-1	39.691993877685	47.375977752467
0	-1	39.712224788826	8.9705792234997
0	-1	39.733907537006	57.783212495412
0	-1	39.776213744732	58.477864525564
0	-1	39.826213744732	58.473076700775
0	-1	39.943734577785	42.766767400434
0	-1	39.993734577785	42.123191333509
0	-1	40.040964300067	9.6320043166684
0	-1	40.090964300067	70.802156517657
0	-1	40.198787758828	57.294081524507
0	-1	40.248787758828	56.618945182726
0	-1	40.295785987649	57.550228234387
0	-1	40.345785987649	58.940108065585
0	-1	40.433907537006	65.677507869968
0	-1	40.477902622272	36.294958738911
0	-1	40.483907537006	64.9851401587
0	-1	40.527902622272	37.101342168948
0	-1	40.550243291904	62.726861386659
0	-1	40.600243291904	63.738479671572
0	-1	40.603734577785	34.312029995702
0	-1	40.653734577785	33.758372507257
0	-1	40.727902622272	38.084681592814
0	-1	40.777902622272	37.922172564181
0	-1	40.821993877685	32.097834157763
0	-1	40.848787758828	48.974827377779
0	-1	40.871993877685	32.072520117007
0	-1	40.877902622272	69.894327873675
0	-1	40.898787758828	48.282903195639
0	-1	40.927902622272	67.949447844512
0	-1	41.006213744732	67.540426209294
0	-1	41.027902622272	65.375280789793
0	-1	41.056213744732	68.174323255443
0	-1	41.077902622272	65.063186002446
0	-1	41.126221084811	56.629795777583
0	-1	41.176221084811	56.63836258504
0	-1	41.177902622272	62.411939180599
0	-1	41.190015782213	52.694630648486
0	-1	41.227902622272	60.271148919794
0	-1	41.240015782213	50.822842313419
0	-1	41.258787758828	57.573064452089
0	-1	41.308787758828	59.519046517114
0	-1	41.320964300067	37.895965104342
0	-1	41.327902622272	57.505119059926
0	-1	41.352893882722	48.165866288973
0	-1	41.370964300067	37.212858897715
0	-1	41.377902622272	56.969486923817
0	-1	41.402893882722	46.186442847802
0	-1	41.477902622272	54.161900012432
0	-1	41.527902622272	52.028866465468
0	-1	41.683734577785	24.087656756557
0	-1	41.727902622272	46.549673029012
0	-1	41.733734577785	23.707960519413
0	-1	41.777902622272	45.887185155268
0	-1	41.902224788826	29.817961721132
0	-1	41.952224788826	29.130571708327
0	-1	42.007902622272	68.302658213283
0	-1	42.057902622272	67.623851070411
0	-1	42.090015782213	67.176834922785
0	-1	42.140015782213	65.116162261369
0	-1	42.195785987649	39.43730302433
0	-1	42.196213744732	23.033098243257
0	-1	42.245785987649	38.778369652795
0	-1	42.246213744732	20.990400880901
0	-1	42.276221084811	48.02075882379
0	-1	42.326221084811	49.431700365301
0	-1	42.632893882722	54.156116854741
0	-1	42.682893882722	54.847394226632
0	-1	42.883734577785	17.497526610992
0	-1	42.906221084811	63.173587233447
0	-1	42.916213744732	9.4312896556866
0	-1	42.925785987649	36.860893568942
0	-1	42.933734577785	17.312206937454
0	-1	42.956221084811	63.253836327391
0	-1	42.961993877685	17.420378298095
0	-1	42.966213744732	9.9380055045469
0	-1	42.975785987649	37.133443218489
0	-1	43.011993877685	17.081799603325
0	-1	43.037902622272	40.6970447462
0	-1	43.083907537006	32.137102288517
0	-1	43.087902622272	40.027165978815
0	-1	43.120015782213	59.976430330401
0	-1	43.133907537006	31.481441863938
0	-1	43.138424572667	29.824917024689
0	-1	43.156221084811	60.706032738325
0	-1	43.170015782213	59.285526490537
0	-1	43.178787758828	70.081316451057
0	-1	43.188424572667	29.910901274286
0	-1	43.206221084811	61.899759612175
0	-1	43.228787758828	68.986491669504
0	-1	43.406221084811	64.243781979926
0	-1	43.456221084811	64.291484485282
0	-1	43.606221084811	66.455818502881
0	-1	43.612224788826	17.871930318702
0	-1	43.656221084811	66.474799679515
0	-1	43.662224788826	18.551220734023
0	-1	43.723907537006	43.863905298909
0	-1	43.773907537006	44.363868769582
0	-1	43.806221084811	68.870852251397
0	-1	43.808787758828	63.569600412738
0	-1	43.856221084811	68.87116499587
0	-1	43.858787758828	63.784965786097
0	-1	43.980964300067	69.07893925237
0	-1	43.987902622272	36.613892377046
0	-1	44.030964300067	68.374718228401
0	-1	44.037902622272	37.304426813177
0	-1	44.086221084811	46.622141773251
0	-1	44.103734577785	67.190182573065
0	-1	44.136221084811	44.878114739188
0	-1	44.153734577785	67.328815631012
0	-1	44.286221084811	42.94093220429
0	-1	44.336221084811	41.201101502359
0	-1	44.388327701383	60.534002740977
0	-1	44.438327701383	59.107926162389
0	-1	44.506221084811	38.565059352053
0	-1	44.520015782213	40.197095850016
0	-1	44.555785987649	40.630425761691
0	-1	44.556221084811	38.364946427595
0	-1	44.570015782213	40.883027440467
0	-1	44.605785987649	41.200941083717
0	-1	44.756221084811	40.025285811682
0	-1	44.760964300067	58.258230657713
0	-1	44.796213744732	58.036661707804
0	-1	44.806221084811	41.097991118255
0	-1	44.810964300067	59.585101225556
0	-1	44.846213744732	60.047678995651
0	-1	44.998787758828	52.04495707238
0	-1	45.048787758828	50.754441577893
0	-1	45.106221084811	43.449872368729
0	-1	45.156221084811	43.136261374516
0	-1	45.168424572667	64.350406655375
0	-1	45.211993877685	59.373657685243
0	-1	45.218424572667	63.234921510746
0	-1	45.224442148313	59.054645606176
0	-1	45.261993877685	59.368964300028
0	-1	45.266213744732	62.040343063685
0	-1	45.274442148313	58.368009376296
0	-1	45.316213744732	63.996018277612
0	-1	45.361993877685	58.602768493952
0	-1	45.410243291904	57.107500873016
0	-1	45.411993877685	57.271264234128
0	-1	45.422224788826	66.632239537634
0	-1	45.425785987649	49.890927937556
0	-1	45.460243291904	57.052995414268
0	-1	45.472224788826	67.320609407565
0	-1	45.475785987649	50.262122221954
0	-1	45.533734577785	50.361655944205
0	-1	45.583734577785	50.410617641741
0	-1	45.782893882722	57.773655255792
0	-1	45.798787758828	48.641022190349
0	-1	45.832893882722	57.60327088389
0	-1	45.848787758828	49.598673671124
0	-1	45.958424572667	57.501653775212
0	-1	45.998327701383	34.612667071902
0	-1	46.001993877685	49.970316990421
0	-1	46.008424572667	57.158245153716
0	-1	46.048327701383	33.046178868903
0	-1	46.051993877685	50.048618646917
0	-1	46.140015782213	46.915714637685
0	-1	46.176221084811	49.4972968461
0	-1	46.190015782213	47.601067487369
0	-1	46.226221084811	50.461830947186
0	-1	46.251993877685	47.861924452247
0	-1	46.301993877685	46.644172094708
0	-1	46.310243291904	43.096222190183
0	-1	46.340964300067	35.717206842153
0	-1	46.360243291904	42.953398060101
0	-1	46.390964300067	35.15474971534
0	-1	46.448787758828	70.945809153075
0	-1	46.498787758828	70.97996896929
0	-1	46.501993877685	44.38173445294
0	-1	46.504442148313	44.334083180863
0	-1	46.532893882722	54.234081071083
0	-1	46.551993877685	44.53485160572
0	-1	46.554442148313	43.657292848216
0	-1	46.582893882722	53.823523699927
0	-1	46.644615324812	49.929435934616
0	-1	46.660243291904	38.474567546063
0	-1	46.694615324812	49.995405611121
0	-1	46.701993877685	42.199411276955
0	-1	46.710243291904	37.273500892978
0	-1	46.751993877685	42.380155755426
0	-1	46.910243291904	34.862508500487
0	-1	46.915785987649	70.099069675796
0	-1	46.951993877685	39.791783052212
0	-1	46.960243291904	34.701928466991
0	-1	46.965785987649	62.098287460637
0	-1	47.001993877685	38.327789042945
0	-1	47.063734577785	30.61537508913
0	-1	47.101993877685	37.203743505601
0	-1	47.110243291904	32.755656644061
0	-1	47.113734577785	29.369887731325
0	-1	47.151993877685	37.420609973626
0	-1	47.160243291904	32.605403195886
0	-1	47.198424572667	54.980686848727
0	-1	47.202224788826	31.837482736125
0	-1	47.248424572667	54.815860021891
0	-1	47.252224788826	31.315117797061
0	-1	47.260243291904	31.746606172223
0	-1	47.283907537006	21.295359458061
0	-1	47.291993877685	36.541274801226
0	-1	47.304442148313	35.103571967298
0	-1	47.310243291904	30.972182673067
0	-1	47.333907537006	22.518415746209
0	-1	47.341993877685	35.316639250277
0	-1	47.354442148313	34.536623212949
0	-1	47.418327701383	26.184024882138
0	-1	47.468327701383	26.503986827329
0	-1	47.501993877685	33.320962299783
0	-1	47.510015782213	28.683447362558
0	-1	47.510243291904	29.401683749673
0	-1	47.551993877685	33.537531266108
0	-1	47.560015782213	29.376386323751
0	-1	47.560243291904	29.362875667153
0	-1	47.660015782213	30.610079664798
0	-1	47.710015782213	31.546313239047
0	-1	47.733907537006	29.487432814809
0	-1	47.751993877685	31.931703394121
0	-1	47.760243291904	28.090709979581
0	-1	47.783907537006	29.690447499739
0	-1	47.801993877685	31.028038452527
0	-1	47.810015782213	33.050814756723
0	-1	47.810243291904	27.520947900789
0	-1	47.860015782213	33.479930646565
0	-1	47.907902622272	57.329866310776
0	-1	47.957902622272	57.944078480167
0	-1	47.980015782213	35.130174440208
0	-1	47.983907537006	31.93760454651
0	-1	48.006221084811	57.29359296311
0	-1	48.030015782213	36.283974384228
0	-1	48.033907537006	32.579392148307
0	-1	48.056221084811	56.731909918069
0	-1	48.110243291904	26.242289239637
0	-1	48.121993877685	31.836828292289
0	-1	48.133907537006	33.170776887968
0	-1	48.148424572667	59.286910976362
0	-1	48.160243291904	26.387158999571
0	-1	48.171993877685	31.939904444876
0	-1	48.183907537006	33.245456110464
0	-1	48.198424572667	59.788271387668
0	-1	48.283907537006	33.785040584925
0	-1	48.285785987649	57.174941364926
0	-1	48.333907537006	34.722517730324
0	-1	48.335785987649	57.403193953965
0	-1	48.433907537006	35.905143939188
0	-1	48.480232536078	39.120171140006
0	-1	48.483907537006	35.908765444174
0	-1	48.498787758828	56.679589344339
0	-1	48.530232536078	38.50875702003
0	-1	48.548787758828	57.775485171513
0	-1	48.583907537006	36.334762523529
0	-1	48.633907537006	37.007768087915
0	-1	48.654442148313	27.603467765771
0	-1	48.704442148313	27.829744825465
0	-1	48.733907537006	37.5054113223
0	-1	48.768699932976	36.451763732455
0	-1	48.770015782213	48.491419838515
0	-1	48.783907537006	37.226239104317
0	-1	48.812893882722	64.390728229124
0	-1	48.818699932976	35.267008494004
0	-1	48.820015782213	49.927416594849
0	-1	48.850243291904	26.617269841016
0	-1	48.862893882722	64.307524057765
0	-1	48.883907537006	37.707475391298
0	-1	48.900243291904	26.702145144868
0	-1	48.916213744732	66.782273926829
0	-1	48.933907537006	38.513219160922
0	-1	48.966213744732	66.739988760438
0	-1	48.987902622272	65.11047784578
0	-1	49.037902622272	65.213402243674
0	-1	49.078327701383	41.651878626823
0	-1	49.085785987649	64.196435678303
0	-1	49.100964300067	27.665395395701
0	-1	49.128327701383	42.383026360225
0	-1	49.133907537006	39.542822156792
0	-1	49.135785987649	64.203054342966
0	-1	49.150964300067	27.589689365611
0	-1	49.183907537006	39.152920457769
0	-1	49.218424572667	68.240222008665
0	-1	49.268424572667	68.769185182455
0	-1	49.324615324812	65.074691848609
0	-1	49.351993877685	44.709722261309
0	-1	49.374615324812	65.113735347527
0	-1	49.401993877685	45.773925179463
0	-1	49.566213744732	59.111805690459
0	-1	49.603907537006	42.370609960342
0	-1	49.616213744732	58.071819930088
0	-1	49.653907537006	41.933668238426
0	-1	49.673734577785	38.757503238608
0	-1	49.690964300067	30.67250616319
0	-1	49.716213744732	57.248196424282
0	-1	49.723734577785	39.744815204732
0	-1	49.740964300067	31.453298843805
0	-1	49.752893882722	42.301031057903
0	-1	49.766213744732	57.449571471816
0	-1	49.796221084811	67.78847439714
0	-1	49.802893882722	42.887848847118
0	-1	49.846221084811	69.146089542182
0	-1	49.866213744732	56.671287254432
0	-1	49.916213744732	55.501073913097
0	-1	49.980243291904	33.726446839393
0	-1	49.987902622272	63.256801419458
0	-1	50.016213744732	54.58699542964
0	-1	50.018699932976	25.843127532491
0	-1	50.030243291904	34.107360275878
0	-1	50.037902622272	63.680464796131
0	-1	50.066213744732	54.886264228837
0	-1	50.068699932976	25.978792060133
0	-1	50.146221084811	69.291801361116
0	-1	50.166213744732	53.683447715098
0	-1	50.196221084811	68.597357459737
0	-1	50.216213744732	52.019507170572
0	-1	50.252224788826	32.782669228275
0	-1	50.302224788826	33.672413021291
0	-1	50.316213744732	50.779524111345
0	-1	50.365785987649	49.81097566214
0	-1	50.366905987649	51.098386430788
0	-1	50.368327701383	58.598269577321
0	-1	50.404442148313	42.109435550833
0	-1	50.415945987649	49.315385136483
0	-1	50.418327701383	59.57034054581
0	-1	50.454442148313	42.275264080931
0	-1	50.466213744732	49.908321126344
0	-1	50.516213744732	48.456352724598
0	-1	50.626213744732	47.384754590311
0	-1	50.657902622272	64.585874095955
0	-1	50.670015782213	55.74726786588
0	-1	50.676213744732	47.667859217466
0	-1	50.692893882722	64.159045819319
0	-1	50.707902622272	65.185822784482
0	-1	50.720015782213	56.780029757785
0	-1	50.742893882722	62.854652059524
0	-1	50.774615324812	65.884476674717
0	-1	50.776213744732	46.533499587388
0	-1	50.811993877685	65.589309874864
0	-1	50.824615324812	65.766307988448
0	-1	50.826213744732	45.212863035597
0	-1	50.861993877685	65.856348400158
0	-1	50.900243291904	42.339882216891
0	-1	50.950243291904	42.876575845646
0	-1	51.062224788826	40.320950786177
0	-1	51.086213744732	43.501641038455
0	-1	51.112224788826	41.386896080045
0	-1	51.120964300067	44.482220893015
0	-1	51.136213744732	42.468803715061
0	-1	51.170964300067	44.473385311556
0	-1	51.198327701383	56.57977117643
0	-1	51.208699932976	25.564032055107
0	-1	51.248327701383	57.212299384159
0	-1	51.258699932976	25.845121724603
0	-1	51.450232536078	26.185926047706
0	-1	51.453907537006	68.800742177954
0	-1	51.486221084811	61.189778322196
0	-1	51.500232536078	26.724736984152
0	-1	51.503907537006	49.180206519631
0	-1	51.536221084811	60.49841321486
0	-1	51.652893882722	56.096297808317
0	-1	51.657902622272	69.267996752278
0	-1	51.702893882722	57.116941325767
0	-1	51.707902622272	70.132152946212
0	-1	51.741993877685	52.653837838344
0	-1	51.765785987649	37.860744363325
0	-1	51.791993877685	53.197677046405
0	-1	51.815785987649	37.914717523283
0	-1	52.154442148313	67.086798429717
0	-1	52.204442148313	68.510763796549
0	-1	52.304615324812	63.459148822718
0	-1	52.354207458806	59.921295387224
0	-1	52.355327458806	64.031961319429
0	-1	52.404407458806	58.640948491149
0	-1	52.432224788826	55.356962204495
0	-1	52.450243291904	59.140342704072
0	-1	52.482224788826	55.353572229946
0	-1	52.500243291904	59.681802836829
0	-1	52.536213744732	37.172205379097
0	-1	52.543907537006	49.770961501112
0	-1	52.586213744732	37.617158229219
0	-1	52.593907537006	49.092547643781
0	-1	52.615785987649	36.939555173377
0	-1	52.665785987649	36.597776177082
0	-1	52.672893882722	66.826860964617
0	-1	52.716575750434	66.395871831304
0	-1	52.722893882722	68.026653708293
0	-1	52.727902622272	30.31163780948
0	-1	52.758327701383	65.606256779858
0	-1	52.766261750434	66.467389631712
0	-1	52.777902622272	30.215091734675
0	-1	52.808327701383	65.093451088856
0	-1	52.818699932976	35.744701821746
0	-1	52.861993877685	64.959835236847
0	-1	52.868699932976	36.181041607151
0	-1	52.911993877685	65.504293775961
0	-1	52.956221084811	51.81686276229
0	-1	53.006221084811	51.269999961873
0	-1	53.048787758828	63.989324721535
0	-1	53.098787758828	63.989324721535
0	-1	53.300964300067	68.47983599261
0	-1	53.303907537006	69.291907777894
0	-1	53.350964300067	68.479264640326
0	-1	53.353907537006	68.600754718502
0	-1	53.354615324812	68.473618136937
0	-1	53.404615324812	69.136642264862
0	-1	53.498327701383	57.225349755744
0	-1	53.548327701383	56.844055971115
0	-1	53.590232536078	41.97330045487
0	-1	53.601993877685	69.841985635774
0	-1	53.610243291904	68.607128690556
0	-1	53.624442148313	69.83174246539
0	-1	53.640232536078	42.977437181156
0	-1	53.660243291904	69.160364024892
0	-1	53.665785987649	43.217407842598
0	-1	53.674442148313	3.3081477635139
0	-1	53.715785987649	44.243612870382
0	-1	53.716221084811	50.319685977411
0	-1	53.766221084811	50.960174328543
0	-1	53.815785987649	44.808103142821
0	-1	53.865785987649	44.662779750567
0	-1	53.965785987649	45.119585634298
0	-1	54.015785987649	45.883530808524
0	-1	54.078699932976	48.01965596826
0	-1	54.115785987649	46.107222126813
0	-1	54.128699932976	48.572784726055
0	-1	54.132224788826	18.482784833517
0	-1	54.165785987649	45.80099879509
0	-1	54.182224788826	18.480927604645
0	-1	54.265785987649	45.850815760523
0	-1	54.315785987649	46.414729714089
0	-1	54.400232536078	51.662089081652
0	-1	54.415785987649	46.449193344502
0	-1	54.450232536078	51.66044215843
0	-1	54.465785987649	45.921037937196
0	-1	54.515332971599	60.574795195274
0	-1	54.565332971599	60.523396586706
0	-1	54.565785987649	45.840763480772
0	-1	54.615785987649	46.454167264159
0	-1	54.815785987649	46.471169903055
0	-1	54.865785987649	45.797489880731
0	-1	54.870243291904	64.248454007319
0	-1	54.920243291904	64.618794161519
0	-1	55.065785987649	69.877122986362
0	-1	55.115785987649	68.607129505095
0	-1	55.126221084811	45.70899118244
0	-1	55.176221084811	46.122609617141
0	-1	55.196213744732	47.865239358802
0	-1	55.238424572667	67.636714333303
0	-1	55.240232536078	61.473059198016
0	-1	55.246213744732	47.177207367268
0	-1	55.283907537006	58.897261010369
0	-1	55.288424572667	67.463972865793
0	-1	55.288699932976	62.611633661842
0	-1	55.290232536078	61.472562443346
0	-1	55.322893882722	51.157996228082
0	-1	55.333907537006	58.210491407151
0	-1	55.338699932976	63.270684175104
0	-1	55.372893882722	51.15900758273
0	-1	55.700243291904	60.865690434941
0	-1	55.750243291904	60.34148074809
0	-1	55.755785987649	63.154063419851
0	-1	55.797902622272	37.960822664882
0	-1	55.805785987649	62.121063681673
0	-1	55.847902622272	37.971433768555
0	-1	56.170964300067	25.768185785703
0	-1	56.196221084811	39.549115716401
0	-1	56.220964300067	26.16370419858
0	-1	56.246221084811	40.160106213447
0	-1	56.313907537006	63.77120553892
0	-1	56.363907537006	63.241262988868
0	-1	56.560243291904	49.712000063409
0	-1	56.610243291904	70.25372728491
0	-1	56.685332971599	28.359228146083
0	-1	56.735332971599	28.620696151511
0	-1	56.888424572667	48.685189715173
0	-1	56.934207458806	61.755248952736
0	-1	56.938424572667	47.54450175707
0	-1	56.955785987649	57.938665440385
0	-1	56.984207458806	62.071631623589
0	-1	57.005785987649	57.499769680918
0	-1	57.038424572667	46.335751792406
0	-1	57.074615324812	56.796747019858
0	-1	57.088424572667	45.860332274545
0	-1	57.124615324812	57.367713432243
0	-1	57.172224788826	58.883406623145
0	-1	57.188424572667	45.167868532045
0	-1	57.222224788826	57.503596545463
0	-1	57.238424572667	44.608955206601
0	-1	57.276221084811	47.161714743496
0	-1	57.324442148313	63.154439903726
0	-1	57.326221084811	48.063622410094
0	-1	57.338424572667	43.795175169644
0	-1	57.374442148313	63.154439903726
0	-1	57.388424572667	43.667947861592
0	-1	57.408327701383	60.068267311093
0	-1	57.458327701383	59.913504291047
0	-1	57.463907537006	60.974295761713
0	-1	57.466213744732	68.021592149784
0	-1	57.488424572667	43.053481490882
0	-1	57.490243291904	57.12468935814
0	-1	57.503000978886	53.60309668608
0	-1	57.513907537006	61.458670386679
0	-1	57.516213744732	67.721568583721
0	-1	57.538424572667	42.342038041257
0	-1	57.540243291904	55.978754056891
0	-1	57.553000978886	53.693756854357
0	-1	57.558327701383	59.374273368535
0	-1	57.608327701383	59.961746035606
0	-1	57.718327701383	59.81587277902
0	-1	57.768327701383	59.146869635979
0	-1	57.828699932976	56.373029350401
0	-1	57.855332971599	65.540593053128
0	-1	57.878327701383	58.988259643467
0	-1	57.878699932976	55.689595032377
0	-1	57.898424572667	40.572870195241
0	-1	57.905332971599	64.569384036818
0	-1	57.928327701383	59.669371416577
0	-1	57.948424572667	39.780774778484
0	-1	57.955785987649	61.781205417579
0	-1	58.005785987649	61.912941911535
0	-1	58.096221084811	54.773759234107
0	-1	58.113734577785	52.663104616498
0	-1	58.146221084811	55.844790200834
0	-1	58.163734577785	52.663104616498
0	-1	58.243907537006	64.1152875563
0	-1	58.293907537006	63.921880394956
0	-1	58.306213744732	61.762603052641
0	-1	58.336261750434	60.516015491113
0	-1	58.356213744732	61.218782685352
0	-1	58.386261750434	61.205914614874
0	-1	58.392083116644	25.685718706239
0	-1	58.442083116644	26.993939548686
0	-1	58.797902622272	62.349095771384
0	-1	58.847902622272	63.391982286404
0	-1	58.856213744732	59.271865542118
0	-1	58.906213744732	59.501233575412
0	-1	59.086221084811	65.575409001331
0	-1	59.136221084811	66.66652214095
0	-1	59.160243291904	41.324486279638
0	-1	59.208699932976	38.213934075148
0	-1	59.210243291904	41.372450664149
0	-1	59.258699932976	37.630538420897
0	-1	59.324207458806	69.10672867521
0	-1	59.353000978886	49.567624208525
0	-1	59.374207458806	69.652718114433
0	-1	59.403000978886	50.931240870359
0	-1	59.448327701383	59.373603103308
0	-1	59.448424572667	51.439834381402
0	-1	59.498327701383	58.678691497477
0	-1	59.498424572667	51.98660042991
0	-1	59.511993877685	38.190403318739
0	-1	59.561993877685	37.924435350358
0	-1	59.631769116644	43.612092896979
0	-1	59.681769116644	43.658410774318
0	-1	60.168699932976	28.679281042259
0	-1	60.218699932976	28.268403567464
0	-1	60.364103992074	22.609121523855
0	-1	60.414103992074	22.408380449689
0	-1	60.440243291904	39.776017412643
0	-1	60.456261750434	66.930191044199
0	-1	60.490243291904	39.496949940832
0	-1	60.506261750434	65.545989058409
0	-1	60.546221084811	15.187879782103
0	-1	60.596221084811	15.198099879716
0	-1	60.683000978886	40.983458523873
0	-1	60.708424572667	48.053434640398
0	-1	60.711993877685	46.964573880486
0	-1	60.733000978886	40.879080145286
0	-1	60.758424572667	47.608712157482
0	-1	60.761993877685	46.906163372543
0	-1	60.958699932976	23.026605838603
0	-1	60.985332971599	69.145508730874
0	-1	61.004615324812	21.998534501325
0	-1	61.008699932976	22.745131810225
0	-1	61.026261750434	63.889323749638
0	-1	61.035332971599	69.478544647043
0	-1	61.054207458806	69.35053822594
0	-1	61.054615324812	21.929522961506
0	-1	61.076261750434	63.580915237395
0	-1	61.104207458806	68.745347040399
0	-1	61.168327701383	66.417600793673
0	-1	61.218327701383	67.260453228234
0	-1	61.305785987649	47.827839146373
0	-1	61.333907537006	10.358539395241
0	-1	61.355785987649	47.225831386637
0	-1	61.383907537006	10.267394316467
0	-1	61.456213744732	49.100765057495
0	-1	61.506213744732	47.810705681525
0	-1	61.618699932976	19.675355079454
0	-1	61.668699932976	19.460220413947
0	-1	61.755785987649	42.189354231244
0	-1	61.805785987649	41.537010053219
0	-1	61.904207458806	59.63331727435
0	-1	61.954207458806	59.083600411555
0	-1	62.010243291904	58.524629397683
0	-1	62.060243291904	58.505887396996
0	-1	62.188424572667	63.898115177637
0	-1	62.238424572667	64.626666465972
0	-1	62.249361501145	9.9447522033853
0	-1	62.273000978886	49.052609798399
0	-1	62.280015782213	9.9456472898029
0	-1	62.299047501145	9.9611610450693
0	-1	62.323000978886	49.130511301328
0	-1	62.330015782213	9.9890362756493
0	-1	62.405785987649	58.632958999321
0	-1	62.455785987649	58.047144523426
0	-1	62.758327701383	51.903750162921
0	-1	62.760243291904	67.299190398688
0	-1	62.808327701383	51.913561864294
0	-1	62.810243291904	66.389156425944
0	-1	62.910243291904	66.150282150912
0	-1	62.960243291904	66.421942160232
0	-1	62.964615324812	26.830661693955
0	-1	63.014615324812	27.315135876567
0	-1	63.043907537006	8.6620726905481
0	-1	63.060243291904	67.584349953287
0	-1	63.093907537006	8.6393318245898
0	-1	63.110243291904	68.143363296119
0	-1	63.210243291904	68.786601125137
0	-1	63.233000978886	57.705060826993
0	-1	63.260243291904	69.047268239245
0	-1	63.268699932976	15.31063152621
0	-1	63.283000978886	58.20023075686
0	-1	63.318699932976	15.247351528054
0	-1	63.360243291904	69.604914452026
0	-1	63.498327701383	64.558432288503
0	-1	63.545332971599	69.546756638232
0	-1	63.548327701383	63.865276175045
0	-1	63.595332971599	69.047702860755
0	-1	63.736221084811	15.3772404814
0	-1	63.744207458806	70.109453368017
0	-1	63.786221084811	15.376956667092
0	-1	63.794207458806	69.801952509634
0	-1	64.075785987649	34.416264025457
0	-1	64.125785987649	33.725293987949
0	-1	64.129047501145	13.954739305745
0	-1	64.179047501145	14.147478012014
0	-1	64.248327701383	62.393562555741
0	-1	64.298327701383	61.72130892326
0	-1	64.392893882722	8.2030287071236
0	-1	64.442893882722	8.2030287071236
0	-1	64.498699932976	14.234379845399
0	-1	64.508424572667	68.770560922187
0	-1	64.526213744732	68.84789243347
0	-1	64.548699932976	14.211416653263
0	-1	64.558424572667	68.227786585103
0	-1	64.576213744732	68.844025634131
0	-1	64.695332971599	65.098105787666
0	-1	64.704875939596	35.845793565636
0	-1	64.745332971599	65.383581075829
0	-1	64.754875939596	35.886115804013
0	-1	64.766261750434	56.642835241023
0	-1	64.798327701383	61.715946260088
0	-1	64.816261750434	55.536558576874
0	-1	64.848327701383	60.573000653039
0	-1	65.005785987649	61.487142633278
0	-1	65.055785987649	61.428739077804
0	-1	65.248327701383	65.456009401435
0	-1	65.298327701383	65.080238812078
0	-1	65.325332971599	65.406687475293
0	-1	65.333907537006	8.240029195236
0	-1	65.375332971599	65.042953902088
0	-1	65.383907537006	8.2376010784294
0	-1	65.434207458806	44.403492485372
0	-1	65.484207458806	44.15179863871
0	-1	65.489047501145	20.955316231085
0	-1	65.539047501145	21.279183805615
0	-1	65.596261750434	47.671106337618
0	-1	65.614615324812	46.522454201559
0	-1	65.646261750434	46.569792845234
0	-1	65.664615324812	46.522051025649
0	-1	65.698327701383	58.711408014487
0	-1	65.748327701383	57.47275754044
0	-1	65.750015782213	67.987472572469
0	-1	65.800015782213	66.883575816735
0	-1	66.065785987649	49.913417184494
0	-1	66.115785987649	48.818417762723
0	-1	66.222384446836	27.559927332209
0	-1	66.238424572667	49.914479742331
0	-1	66.272384446836	27.571681415867
0	-1	66.275332971599	67.372463050045
0	-1	66.288424572667	49.442500958667
0	-1	66.309047501145	26.866854090974
0	-1	66.318327701383	48.713400307602
0	-1	66.325332971599	68.078128851976
0	-1	66.328699932976	13.809673350038
0	-1	66.359047501145	27.261739108887
0	-1	66.366213744732	49.232000029249
0	-1	66.368327701383	48.463045988521
0	-1	66.378699932976	13.805456818047
0	-1	66.393000978886	60.391312829858
0	-1	66.416213744732	48.156488714307
0	-1	66.443000978886	59.837170649016
0	-1	66.453789992074	54.937069415307
0	-1	66.503789992074	55.511952495808
0	-1	66.774561939596	55.866213644347
0	-1	66.824561939596	57.08151822752
0	-1	66.926221084811	22.413117784594
0	-1	66.976221084811	22.413117784594
0	-1	66.981769116644	67.96310431075
0	-1	66.984207458806	63.169658820864
0	-1	67.031769116644	67.272636854964
0	-1	67.034207458806	64.426271687476
0	-1	67.134207458806	65.853773418772
0	-1	67.184207458806	66.37995854106
0	-1	67.223000978886	70.224452781731
0	-1	67.273000978886	69.770054418026
0	-1	67.284207458806	67.450886538978
0	-1	67.303789992074	65.263343665608
0	-1	67.305332971599	15.046171795875
0	-1	67.334207458806	68.235633393532
0	-1	67.353789992074	65.902589805461
0	-1	67.355332971599	14.624452891317
0	-1	67.434207458806	69.432582787949
0	-1	67.484207458806	12.300848090397
0	-1	67.508327701383	32.610568614872
0	-1	67.558327701383	32.459073684524
0	-1	67.584207458806	10.438696392216
0	-1	67.634207458806	9.2131086933656
0	-1	67.758424572667	33.678617011391
0	-1	67.789047501145	69.687695216559
0	-1	67.808424572667	33.150129232358
0	-1	67.839047501145	69.215820732055
0	-1	68.014207458806	3.657610548772
0	-1	68.062070446836	53.126655623818
0	-1	68.064207458806	3.4554771062113
0	-1	68.112070446836	51.817505410747
0	-1	68.263000978886	68.402683638967
0	-1	68.313000978886	68.873557752579
0	-1	68.558424572667	25.430023389858
0	-1	68.575785987649	58.064124075878
0	-1	68.608424572667	70.261024466918
0	-1	68.625785987649	56.695796455637
0	-1	68.626218382635	67.077510695771
0	-1	68.676218382635	67.141196026774
0	-1	68.688327701383	22.515723065254
0	-1	68.724561939596	29.909703464347
0	-1	68.738327701383	22.36848280677
0	-1	68.759047501145	70.397463950796
0	-1	68.774561939596	30.330298165525
0	-1	68.793789992074	67.42082069558
0	-1	68.809047501145	70.258533997336
0	-1	68.843789992074	66.4593653148
0	-1	68.931769116644	42.505055302064
0	-1	68.981769116644	41.962484145616
0	-1	69.377902622272	63.061661698151
0	-1	69.427902622272	62.004807129553
0	-1	69.548424572667	55.846753817331
0	-1	69.563000978886	25.827195849157
0	-1	69.598424572667	55.763694237107
0	-1	69.613000978886	25.28957564687
0	-1	69.655332971599	23.819412492973
0	-1	69.668699932976	36.044666170059
0	-1	69.698327701383	62.225723131498
0	-1	69.705332971599	25.107877282053
0	-1	69.718699932976	35.200528077816
0	-1	69.748327701383	60.761729807993
0	-1	69.798424572667	52.989081475755
0	-1	69.848424572667	51.736367473723
0	-1	69.899047501145	65.883990449923
0	-1	69.949047501145	66.572762089103
0	-1	69.983789992074	56.769787497403
0	-1	70.006261750434	55.192907212189
0	-1	70.033789992074	56.016242550481
0	-1	70.056261750434	55.191861038119
0	-1	70.201993877685	54.781352043347
0	-1	70.248424572667	47.329829129906
0	-1	70.251993877685	54.240514936459
0	-1	70.298424572667	47.423487401415
0	-1	70.364615324812	46.480603860721
0	-1	70.414615324812	47.647912941931
0	-1	70.435332971599	36.17308525765
0	-1	70.485332971599	36.442688839513
0	-1	70.498424572667	46.664775444775
0	-1	70.548424572667	46.316998946009
0	-1	70.573789992074	55.988752822216
0	-1	70.623789992074	55.577565514301
0	-1	70.648424572667	48.537807657842
0	-1	70.659538076625	55.895666556959
0	-1	70.698424572667	49.004528857705
0	-1	70.709538076625	54.915556171986
0	-1	70.713000978886	20.015263251579
0	-1	70.713907537006	49.383024007023
0	-1	70.738327701383	47.609067489167
0	-1	70.763000978886	19.772964768511
0	-1	70.763907537006	49.383024007023
0	-1	70.788327701383	47.569219707428
0	-1	70.798424572667	49.350839318089
0	-1	70.846218382635	25.268565423691
0	-1	70.848424572667	49.108275769136
0	-1	70.896218382635	25.536708197595
0	-1	70.948424572667	49.445790829403
0	-1	70.971769116644	26.935956979737
0	-1	70.998424572667	50.081298515383
0	-1	71.004615324812	55.028246347384
0	-1	71.005332971599	45.97247375239
0	-1	71.021769116644	26.707043118424
0	-1	71.054615324812	55.096956602334
0	-1	71.055332971599	46.284439613102
0	-1	71.108424572667	49.690694347394
0	-1	71.158424572667	50.356411075937
0	-1	71.186213744732	25.978560475023
0	-1	71.236213744732	26.121536254883
0	-1	71.254615324812	57.359368999587
0	-1	71.255332971599	49.592979578813
0	-1	71.304615324812	58.452109426803
0	-1	71.305332971599	50.846207357005
0	-1	71.404561939596	59.426215449601
0	-1	71.405332971599	52.303547193836
0	-1	71.415785987649	27.891487726333
0	-1	71.454561939596	60.08752772632
0	-1	71.455332971599	52.63674774667
0	-1	71.463000978886	22.064416126417
0	-1	71.465785987649	27.89065487159
0	-1	71.504615324812	60.463011442056
0	-1	71.513000978886	22.743758519341
0	-1	71.554615324812	60.50180461965
0	-1	71.555332971599	54.093864082811
0	-1	71.603789992074	52.18854610398
0	-1	71.605332971599	55.204518331387
0	-1	71.653789992074	51.802130179937
0	-1	71.698424572667	53.558173439208
0	-1	71.704615324812	62.620166768247
0	-1	71.705332971599	56.427150049959
0	-1	71.748424572667	53.497072283758
0	-1	71.754615324812	62.630219705544
0	-1	71.755332971599	56.727319003364
0	-1	71.855332971599	57.93058627859
0	-1	71.905332971599	58.897474090573
0	-1	71.913000978886	26.364706171174
0	-1	71.954615324812	65.197854769626
0	-1	71.963000978886	26.522813789814
0	-1	72.004615324812	66.582378896038
0	-1	72.075332971599	60.383426149151
0	-1	72.125332971599	61.312494142121
0	-1	72.163000978886	29.479778312483
0	-1	72.204207458806	62.43379628033
0	-1	72.213000978886	31.041404033533
0	-1	72.254207458806	62.987030333478
0	-1	72.271769116644	22.470983033602
0	-1	72.313000978886	32.935750885023
0	-1	72.321769116644	22.367837997876
0	-1	72.325332971599	63.630865177459
0	-1	72.332070446836	59.58531477632
0	-1	72.363000978886	33.345759833003
0	-1	72.375332971599	63.75013062471
0	-1	72.382070446836	60.123070190953
0	-1	72.419538076625	46.98406736155
0	-1	72.463000978886	37.511302165335
0	-1	72.469538076625	47.216346649465
0	-1	72.481993877685	31.069552212498
0	-1	72.513000978886	39.031106481944
0	-1	72.531993877685	31.991411527779
0	-1	72.613000978886	41.122540637054
0	-1	72.635332971599	67.222891019771
0	-1	72.663000978886	41.747382715148
0	-1	72.685332971599	67.303451997401
0	-1	72.763000978886	43.895370525719
0	-1	72.813000978886	45.409740212183
0	-1	72.903789992074	62.472249361855
0	-1	72.909047501145	47.357866199547
0	-1	72.928822731499	47.479536429993
0	-1	72.953789992074	62.25095136135
0	-1	72.959047501145	46.730447237584
0	-1	72.978822731499	47.52111433266
0	-1	73.021769116644	21.167199071912
0	-1	73.071769116644	21.100607933036
0	-1	73.113000978886	52.104615799433
0	-1	73.159047501145	43.026678916276
0	-1	73.163000978886	52.78576035097
0	-1	73.209047501145	42.496366157247
0	-1	73.296218382635	54.840805361884
0	-1	73.318424572667	66.700476908191
0	-1	73.346218382635	56.71454532683
0	-1	73.368424572667	67.391268374433
0	-1	73.441993877685	60.205245755002
0	-1	73.491993877685	60.103937096944
0	-1	73.714207458806	68.116971863949
0	-1	73.748327701383	42.796139356865
0	-1	73.764207458806	67.57034637194
0	-1	73.798327701383	42.798267446925
0	-1	73.893000978886	20.957272204768
0	-1	73.943000978886	22.388914548188
0	-1	74.025332971599	53.331099489788
0	-1	74.075332971599	52.776919810755
0	-1	74.079538076625	50.998911693031
0	-1	74.129538076625	51.145787791695
0	-1	74.191993877685	66.729577829704
0	-1	74.203789992074	51.471436340075
0	-1	74.241993877685	67.706506023522
0	-1	74.253789992074	51.373723050651
0	-1	74.589047501145	29.724615344945
0	-1	74.639047501145	29.67342179607
0	-1	74.641993877685	41.243414013216
0	-1	74.691993877685	41.128755736023
0	-1	74.733000978886	32.998568119707
0	-1	74.774207458806	66.864164390582
0	-1	74.783000978886	33.677806357599
0	-1	74.800302038102	26.262562562467
0	-1	74.824207458806	66.324511019428
0	-1	74.832070446836	35.619713201072
0	-1	74.850302038102	26.332461162089
0	-1	74.882070446836	35.068522337787
0	-1	74.891993877685	36.898971874748
0	-1	74.941993877685	34.822111272713
0	-1	74.971769116644	19.922332070035
0	-1	75.004561939596	55.313973692564
0	-1	75.021769116644	19.910868220167
0	-1	75.054561939596	54.669175438073
0	-1	75.068424572667	61.979210331962
0	-1	75.118424572667	62.669420128908
0	-1	75.403789992074	60.198226787561
0	-1	75.409047501145	28.467090083255
0	-1	75.453789992074	60.160591719254
0	-1	75.459047501145	28.233290426885
0	-1	75.564207458806	58.282304479859
0	-1	75.569047501145	28.002898531789
0	-1	75.614207458806	57.742463739
0	-1	75.619047501145	27.948039151899
0	-1	75.719047501145	27.540662637834
0	-1	75.769047501145	27.192488943874
0	-1	75.869047501145	26.525436699241
0	-1	75.919047501145	26.381289809343
0	-1	76.019047501145	25.739296625322
0	-1	76.069047501145	25.129978951609
0	-1	76.169047501145	24.470269802447
0	-1	76.198822731499	35.814439524901
0	-1	76.219047501145	24.538461126165
0	-1	76.248822731499	36.40257256444
0	-1	76.389047501145	23.020434480114
0	-1	76.439047501145	23.185863890812
0	-1	76.574207458806	47.355599724807
0	-1	76.595332971599	4.3018109782032
0	-1	76.624207458806	46.814212586901
0	-1	76.645332971599	5.5212759294956
0	-1	76.789538076625	66.957934471758
0	-1	76.839538076625	67.568213038829
0	-1	76.849047501145	26.071766588661
0	-1	76.873789992074	44.301716084378
0	-1	76.899047501145	26.383372373501
0	-1	76.923789992074	43.298239262381
0	-1	77.160232536078	49.247305903229
0	-1	77.164158017041	60.804621674109
0	-1	77.210232536078	49.94651286107
0	-1	77.214158017041	59.489323099537
0	-1	77.225332971599	17.772141573897
0	-1	77.275332971599	18.31310067458
0	-1	77.306218382635	58.132311352524
0	-1	77.338822731499	47.759922660497
0	-1	77.356218382635	57.462048686938
0	-1	77.388822731499	48.159419476
0	-1	77.408424572667	36.607450114571
0	-1	77.451769116644	19.70739729763
0	-1	77.458424572667	37.298570747962
0	-1	77.501769116644	19.706467664545
0	-1	77.684207458806	35.714651389001
0	-1	77.734207458806	35.284512983443
0	-1	77.814561939596	31.547653110035
0	-1	77.864561939596	31.313113486921
0	-1	77.886261750434	63.756976936009
0	-1	77.910302038102	54.927301128617
0	-1	77.936261750434	65.130150331334
0	-1	77.960302038102	55.140602265737
0	-1	78.182070446836	38.139563349933
0	-1	78.232070446836	39.776983984859
0	-1	78.324938057293	17.19706471009
0	-1	78.374938057293	17.228451354351
0	-1	78.534207458806	29.503005413826
0	-1	78.573789992074	29.704196628667
0	-1	78.583000978886	28.404068082292
0	-1	78.584207458806	29.202327356697
0	-1	78.609538076625	36.14178039668
0	-1	78.610232536078	28.428367727477
0	-1	78.623789992074	29.117557749566
0	-1	78.633000978886	26.995459108284
0	-1	78.659538076625	35.454562745914
0	-1	78.660232536078	29.100408965664
0	-1	78.708424572667	36.169122789408
0	-1	78.755332971599	51.049762307261
0	-1	78.758424572667	36.768374190222
0	-1	78.805332971599	52.699312358449
0	-1	78.852070446836	53.21184802006
0	-1	78.902070446836	54.861586273262
0	-1	79.238822731499	65.327920709153
0	-1	79.288822731499	64.654866366728
0	-1	79.296218382635	45.485175843764
0	-1	79.346218382635	47.432405678851
0	-1	79.704158017041	36.113254102365
0	-1	79.754158017041	36.38151783031
0	-1	79.768424572667	33.13610496633
0	-1	79.788327701383	24.760428173669
0	-1	79.818424572667	32.175052880079
0	-1	79.838327701383	24.759384710361
0	-1	79.920232536078	65.928561654533
0	-1	79.929538076625	31.083634612235
0	-1	79.970232536078	65.236383016278
0	-1	79.979538076625	30.391518985214
0	-1	80.146218382635	66.840364057537
0	-1	80.174938057293	22.093499563884
0	-1	80.196218382635	67.30766960742
0	-1	80.224938057293	22.269520782827
0	-1	80.258822731499	66.261823139158
0	-1	80.308822731499	65.609365656502
0	-1	80.400015782213	57.959008591596
0	-1	80.450015782213	57.91488446532
0	-1	80.505785987649	17.874994384835
0	-1	80.555785987649	17.861155107583
0	-1	80.559047501145	70.057026297659
0	-1	80.598327701383	24.247098552627
0	-1	80.602224788826	15.525570772029
0	-1	80.603734577785	18.127212804619
0	-1	80.606221084811	61.924744885339
0	-1	80.606261750434	24.907956740096
0	-1	80.608699932976	23.685060670803
0	-1	80.609047501145	69.412808246009
0	-1	80.610964300067	16.644876084944
0	-1	80.648327701383	24.158409165582
0	-1	80.652224788826	15.600671188067
0	-1	80.653734577785	18.188895306105
0	-1	80.656221084811	61.999022627112
0	-1	80.656261750434	24.836170644927
0	-1	80.658699932976	23.6101248327
0	-1	80.660964300067	16.633629725354
0	-1	80.874561939596	68.940930620616
0	-1	80.884624057293	24.88942858551
0	-1	80.924561939596	67.543417197728
0	-1	80.934624057293	24.973172587912
0	-1	80.988822731499	66.353126356025
0	-1	81.010015782213	49.24368830544
0	-1	81.038822731499	65.609992489876
0	-1	81.060015782213	49.158374690823
0	-1	81.093907537006	64.399047878386
0	-1	81.096213744732	18.50309534786
0	-1	81.141769116644	17.943741079643
0	-1	81.143907537006	63.078946869785
0	-1	81.146213744732	18.299398461472
0	-1	81.191769116644	17.890821057611
0	-1	81.229047501145	70.042023256564
0	-1	81.229538076625	21.43603700033
0	-1	81.260015782213	46.58237009029
0	-1	81.279047501145	69.348100739968
0	-1	81.279538076625	20.753222136986
0	-1	81.280232536078	45.591569164118
0	-1	81.310015782213	45.386016786493
0	-1	81.314158017041	42.009085460573
0	-1	81.330232536078	44.996798498425
0	-1	81.364158017041	42.489746818716
0	-1	81.374207458806	21.285652091522
0	-1	81.424207458806	21.185075846651
0	-1	81.460302038102	44.873013097084
0	-1	81.493789992074	22.762719471326
0	-1	81.510015782213	43.11348660396
0	-1	81.510302038102	46.881633677408
0	-1	81.543789992074	22.405781594188
0	-1	81.560015782213	43.059043183172
0	-1	81.710015782213	40.991603539919
0	-1	81.715785987649	14.280295041119
0	-1	81.760015782213	40.968113691355
0	-1	81.765785987649	14.209608089469
0	-1	81.804624057293	27.904802238857
0	-1	81.830232536078	39.48167697108
0	-1	81.838327701383	20.258606949312
0	-1	81.848822731499	64.433745737381
0	-1	81.854624057293	28.26677902841
0	-1	81.880232536078	38.844745632113
0	-1	81.888327701383	20.067110909872
0	-1	81.898822731499	63.95168309047
0	-1	81.926213744732	16.484105002796
0	-1	81.960015782213	38.587070679867
0	-1	81.976213744732	16.418332353034
0	-1	82.010015782213	37.388973290526
0	-1	82.104207458806	20.054015103898
0	-1	82.154207458806	20.030549331669
0	-1	82.154561939596	65.739752756244
0	-1	82.156218382635	49.370027622174
0	-1	82.204561939596	64.389433362051
0	-1	82.206218382635	50.484786618876
0	-1	82.233907537006	50.383824116441
0	-1	82.248424572667	12.243479031377
0	-1	82.278699932976	28.821813258162
0	-1	82.283907537006	50.54434315324
0	-1	82.298424572667	12.443414775378
0	-1	82.328699932976	29.377373434353
0	-1	82.479047501145	63.936623304355
0	-1	82.529047501145	62.861398534371
0	-1	82.704158017041	56.324691633674
0	-1	82.754158017041	56.948381227835
0	-1	82.765332971599	59.718013767196
0	-1	82.806218382635	57.503813520907
0	-1	82.815332971599	58.490516468356
0	-1	82.846261750434	14.297415502096
0	-1	82.856218382635	57.487160839244
0	-1	82.896261750434	14.029324483817
0	-1	82.898787758828	48.603847834628
0	-1	82.948787758828	47.530666803314
0	-1	82.963789992074	21.171612672614
0	-1	83.013789992074	21.595525640282
0	-1	83.066213744732	14.058662356229
0	-1	83.098424572667	7.319073535104
0	-1	83.116213744732	13.950961812208
0	-1	83.148424572667	6.6113094963461
0	-1	83.248424572667	6.2267549391409
0	-1	83.254158017041	63.537348170154
0	-1	83.298424572667	6.5199828795095
0	-1	83.304158017041	64.163956614475
0	-1	83.398424572667	6.4688674316517
0	-1	83.409538076625	6.1874903029803
0	-1	83.419047501145	53.517686212023
0	-1	83.448424572667	6.4379953808406
0	-1	83.458327701383	16.782032832422
0	-1	83.459538076625	6.3655114373055
0	-1	83.469047501145	53.04789325585
0	-1	83.508327701383	17.723876720248
0	-1	83.548424572667	7.2008890038237
0	-1	83.548822731499	38.815225412291
0	-1	83.598424572667	7.4941564008097
0	-1	83.598822731499	38.450836585148
0	-1	83.638787758828	41.146950858222
0	-1	83.656218382635	69.369107025426
0	-1	83.688787758828	41.22395165808
0	-1	83.698424572667	8.027622842006
0	-1	83.712893882722	31.540517256918
0	-1	83.752224788826	24.097811580866
0	-1	83.762893882722	31.592883708445
0	-1	83.802224788826	24.020753938282
0	-1	83.863789992074	23.716020729507
0	-1	83.888787758828	39.342472356258
0	-1	83.904207458806	18.277469679746
0	-1	83.913789992074	24.241324137131
0	-1	83.913907537006	40.516852642823
0	-1	83.920232536078	60.08689437235
0	-1	83.938787758828	38.35708513228
0	-1	83.954207458806	18.27131827162
0	-1	83.958699932976	33.986141040093
0	-1	83.963907537006	40.821990471358
0	-1	83.970232536078	59.402361129786
0	-1	84.008699932976	34.663990026043
0	-1	84.138787758828	36.416915832262
0	-1	84.174442148313	44.688842242351
0	-1	84.188787758828	36.477842141437
0	-1	84.224442148313	45.813823847783
0	-1	84.246221084811	53.33935016901
0	-1	84.247902622272	32.900271820757
0	-1	84.294158017041	70.795901378257
0	-1	84.296221084811	53.734350435758
0	-1	84.297902622272	32.853292445331
0	-1	84.308787758828	34.434242251621
0	-1	84.344158017041	69.429582358361
0	-1	84.358787758828	34.469145046242
0	-1	84.428327701383	31.28867539392
0	-1	84.478327701383	31.708315799031
0	-1	84.508787758828	32.809108458563
0	-1	84.513789992074	26.594906706044
0	-1	84.531769116644	65.662181511016
0	-1	84.558787758828	32.82960562413
0	-1	84.563789992074	26.404249813973
0	-1	84.581769116644	65.305834542239
0	-1	84.645785987649	21.034787576742
0	-1	84.695785987649	21.410942271925
0	-1	84.708787758828	31.556948438605
0	-1	84.748822731499	35.414336131729
0	-1	84.758787758828	31.580444916462
0	-1	84.798822731499	34.926256687644
0	-1	84.858787758828	30.483715387823
0	-1	84.874158017041	65.981433687858
0	-1	84.908787758828	29.539520181008
0	-1	84.920964300067	39.812084166001
0	-1	84.924158017041	65.213900596625
0	-1	84.934442148313	65.482722071622
0	-1	84.970964300067	40.265089436521
0	-1	84.984442148313	65.406832486753
0	-1	85.108787758828	28.600327653491
0	-1	85.158787758828	28.826112641463
0	-1	85.184442148313	62.837228001286
0	-1	85.196213744732	30.260070679441
0	-1	85.234442148313	61.634908674169
0	-1	85.246213744732	31.624488333291
0	-1	85.250302038102	24.897604522844
0	-1	85.263789992074	30.396725371495
0	-1	85.300302038102	23.000119126725
0	-1	85.308787758828	31.480016674707
0	-1	85.313789992074	31.178134338654
0	-1	85.358787758828	31.732902885525
0	-1	85.388699932976	37.788458831028
0	-1	85.432893882722	31.524961719229
0	-1	85.434442148313	59.846173874269
0	-1	85.438699932976	38.58258428338
0	-1	85.482893882722	31.316184078431
0	-1	85.484442148313	59.886230884258
0	-1	85.558787758828	34.795370691619
0	-1	85.584158017041	57.00761663988
0	-1	85.604442148313	61.903975716219
0	-1	85.606221084811	57.453921464227
0	-1	85.608787758828	36.07976176848
0	-1	85.634158017041	56.592236674602
0	-1	85.640232536078	15.472919701852
0	-1	85.645332971599	32.294191038809
0	-1	85.654442148313	61.917376396898
0	-1	85.656221084811	57.958775015747
0	-1	85.690232536078	14.945801966909
0	-1	85.695332971599	32.240403968285
0	-1	85.698327701383	55.021237833675
0	-1	85.699538076625	62.970331088831
0	-1	85.732224788826	56.458467936727
0	-1	85.748327701383	56.630411518418
0	-1	85.749538076625	60.964812002117
0	-1	85.782224788826	56.997423119333
0	-1	85.804442148313	64.148984309597
0	-1	85.854442148313	64.139958524865
0	-1	85.936213744732	44.981826331118
0	-1	85.986213744732	45.453763491011
0	-1	86.019047501145	59.496313946834
0	-1	86.054442148313	66.880525346709
0	-1	86.069047501145	59.251979938202
0	-1	86.078787758828	43.148841642563
0	-1	86.104442148313	68.190510773306
0	-1	86.114624057293	68.383519637875
0	-1	86.118699932976	49.313600895
0	-1	86.128787758828	44.572115802364
0	-1	86.164624057293	69.074709495048
0	-1	86.168699932976	49.865450855954
0	-1	86.193789992074	35.366899853263
0	-1	86.243789992074	36.223275177877
0	-1	86.254158017041	48.920688078528
0	-1	86.304158017041	48.668387486296
0	-1	86.305278017041	70.092694664106
0	-1	86.350964300067	69.299805774886
0	-1	86.354442148313	48.861822418653
0	-1	86.400964300067	38.94950007854
0	-1	86.402893882722	37.387479060726
0	-1	86.407902622272	48.417338847221
0	-1	86.443789992074	37.593512217694
0	-1	86.452893882722	37.098057195393
0	-1	86.457902622272	48.194610960139
0	-1	86.493789992074	37.279462622159
0	-1	86.504442148313	46.893731682177
0	-1	86.518822731499	35.894298805614
0	-1	86.548327701383	58.060801243988
0	-1	86.554442148313	47.079741902461
0	-1	86.568822731499	35.361215281757
0	-1	86.593789992074	38.116363227881
0	-1	86.598327701383	58.658968919962
0	-1	86.643789992074	39.286920967419
0	-1	86.652893882722	38.586908132938
0	-1	86.702893882722	39.759656221399
0	-1	86.754442148313	45.387223532617
0	-1	86.760302038102	21.295683183183
0	-1	86.803789992074	41.269575747509
0	-1	86.804442148313	44.384893350954
0	-1	86.810302038102	23.156772220429
0	-1	86.829047501145	64.577791297221
0	-1	86.853789992074	40.974509980875
0	-1	86.879047501145	64.307360529328
0	-1	86.892893882722	40.115353965212
0	-1	86.942893882722	41.324093080455
0	-1	86.953789992074	43.176651743876
0	-1	87.003789992074	44.438012180326
0	-1	87.044298017041	42.428108754823
0	-1	87.064442148313	43.323058616536
0	-1	87.078787758828	62.403099080138
0	-1	87.094158017041	41.814907301515
0	-1	87.102893882722	42.995422520279
0	-1	87.103789992074	45.841912739144
0	-1	87.114442148313	42.4214414393
0	-1	87.125332971599	47.036883013077
0	-1	87.128787758828	64.107552489373
0	-1	87.149538076625	64.923685099714
0	-1	87.152893882722	42.773063545745
0	-1	87.153789992074	46.105801838814
0	-1	87.175332971599	47.024179727192
0	-1	87.197902622272	53.341939979363
0	-1	87.199538076625	64.243390659025
0	-1	87.247902622272	54.438575644699
0	-1	87.253789992074	47.519498377498
0	-1	87.280232536078	34.415886243116
0	-1	87.301769116644	40.964022607283
0	-1	87.302893882722	45.562595106976
0	-1	87.303789992074	48.746819481916
0	-1	87.330232536078	36.41618094541
0	-1	87.351769116644	41.555526674066
0	-1	87.352893882722	45.394920330161
0	-1	87.389047501145	68.207596263177
0	-1	87.439047501145	69.304879945192
0	-1	87.444561939596	42.987783276008
0	-1	87.472893882722	46.764455039466
0	-1	87.494561939596	42.987783276008
0	-1	87.503789992074	51.763395972117
0	-1	87.522893882722	48.308997319393
0	-1	87.540302038102	41.914643003039
0	-1	87.553789992074	51.952374244638
0	-1	87.590302038102	42.590131876009
0	-1	87.653789992074	53.364011750053
0	-1	87.684207458806	54.137070719861
0	-1	87.722893882722	51.191189705509
0	-1	87.728327701383	51.64926470508
0	-1	87.730964300067	55.053197738719
0	-1	87.734207458806	55.494567221188
0	-1	87.763907537006	60.505470721127
0	-1	87.772893882722	51.159683232822
0	-1	87.778327701383	52.337807836903
0	-1	87.780964300067	55.714666426348
0	-1	87.813907537006	62.117164815814
0	-1	87.814442148313	50.612205093194
0	-1	87.836221084811	60.961599611976
0	-1	87.864442148313	50.973062421544
0	-1	87.872893882722	52.506977549147
0	-1	87.886221084811	61.650719365685
0	-1	87.922893882722	53.965099136964
0	-1	88.010232536078	55.048775512194
0	-1	88.060232536078	55.727385711106
0	-1	88.107902622272	63.325937784321
0	-1	88.157902622272	63.099968949776
0	-1	88.269538076625	35.208028457414
0	-1	88.278327701383	58.946408254995
0	-1	88.309047501145	62.335660756252
0	-1	88.312893882722	60.249308033771
0	-1	88.319538076625	33.22466825706
0	-1	88.328327701383	59.643160887303
0	-1	88.359047501145	62.573510312178
0	-1	88.362893882722	60.365310537232
0	-1	88.398699932976	43.331199435537
0	-1	88.448699932976	43.208529572947
0	-1	88.528787758828	43.60306444874
0	-1	88.578787758828	43.052187589253
0	-1	88.580964300067	66.5238600504
0	-1	88.630964300067	67.206368755119
0	-1	88.672224788826	68.763190872879
0	-1	88.694561939596	60.347378633706
0	-1	88.706221084811	68.729583829618
0	-1	88.722224788826	69.450124069936
0	-1	88.741769116644	31.632286976188
0	-1	88.744561939596	61.75860517877
0	-1	88.756221084811	69.420536009644
0	-1	88.791769116644	32.314320391038
0	-1	88.825332971599	69.30948630892
0	-1	88.875332971599	69.307815613778
0	-1	88.906213744732	52.541625500459
0	-1	88.907902622272	69.849525049873
0	-1	88.956213744732	53.166936864438
0	-1	88.957902622272	70.141228228206
0	-1	89.043907537006	65.493579765884
0	-1	89.093907537006	66.144037663651
0	-1	89.108699932976	46.141940773806
0	-1	89.157902622272	68.336901534623
0	-1	89.158699932976	46.830000794297
0	-1	89.207902622272	67.055451098546
0	-1	89.210302038102	69.313842709974
0	-1	89.397902622272	66.656257895854
0	-1	89.447902622272	65.393141824479
0	-1	89.464561939596	68.409655780482
0	-1	89.504442148313	62.29115569877
0	-1	89.514561939596	67.191924005483
0	-1	89.524624057293	45.793772521875
0	-1	89.554442148313	62.516617913741
0	-1	89.574624057293	46.465274890035
0	-1	89.583000978886	66.083544101142
0	-1	89.589047501145	68.389693213926
0	-1	89.602893882722	64.010031924411
0	-1	89.607902622272	64.0656167959
0	-1	89.633000978886	65.474463088951
0	-1	89.639047501145	69.478838078403
0	-1	89.652893882722	64.273269762584
0	-1	89.657902622272	64.364500558214
0	-1	89.659538076625	48.964216585384
0	-1	89.709538076625	51.006413167343
0	-1	89.714561939596	64.618333265066
0	-1	89.761769116644	51.268060533133
0	-1	89.764561939596	64.545379951711
0	-1	89.807902622272	61.821887967708
0	-1	89.811769116644	52.395131113824
0	-1	89.856213744732	64.068126875506
0	-1	89.857902622272	62.105392757228
0	-1	89.864158017041	53.885129401742
0	-1	89.893907537006	66.952857382702
0	-1	89.906213744732	64.740826370261
0	-1	89.910964300067	69.56029603596
0	-1	89.914158017041	54.088369891653
0	-1	89.942224788826	66.376073589915
0	-1	89.943907537006	68.053741889884
0	-1	89.960964300067	68.934892706132
0	-1	89.964561939596	62.173994167425
0	-1	89.967902622272	60.963213203135
0	-1	89.992224788826	65.742737066829
0	-1	90.014561939596	61.095224759146
0	-1	90.017902622272	62.338107861241
0	-1	90.206218382635	42.143122778471
0	-1	90.214561939596	61.500063546223
0	-1	90.217902622272	65.15341460173
0	-1	90.256218382635	41.472235313987
0	-1	90.264561939596	61.507258807331
0	-1	90.267902622272	65.071577348763
0	-1	90.293000978886	65.860355238944
0	-1	90.326221084811	20.299286284524
0	-1	90.343000978886	65.914412272012
0	-1	90.367902622272	66.468359505431
0	-1	90.376221084811	20.980449184678
0	-1	90.416213744732	21.07069234183
0	-1	90.440302038102	36.320555941057
0	-1	90.464561939596	64.133218912793
0	-1	90.466213744732	20.385902334457
0	-1	90.474158017041	63.007960893167
0	-1	90.474624057293	60.210979492958
0	-1	90.490302038102	35.651575538504
0	-1	90.514561939596	65.518936192768
0	-1	90.524158017041	70.430273461796
0	-1	90.524624057293	58.673723171993
0	-1	90.559538076625	69.713139176909
0	-1	90.563907537006	66.389838288413
0	-1	90.609538076625	68.625466330872
0	-1	90.613907537006	19.779431894963
0	-1	90.734442148313	59.3691341314
0	-1	90.741769116644	68.623525133634
0	-1	90.778787758828	62.117186487707
0	-1	90.784442148313	59.792068196202
0	-1	90.791769116644	69.312230118695
0	-1	90.828787758828	62.806548044396
0	-1	90.918699932976	51.543022860002
0	-1	90.968699932976	52.236442988211
0	-1	91.043000978886	63.584893646614
0	-1	91.093000978886	63.108356488235
0	-1	91.170964300067	47.347054858298
0	-1	91.185332971599	66.569248002297
0	-1	91.220964300067	70.577778774985
0	-1	91.235332971599	67.954946546322
0	-1	91.279047501145	65.613077968997
0	-1	91.324624057293	63.408365068058
0	-1	91.329047501145	67.254737364617
0	-1	91.374624057293	63.284340258918
0	-1	91.424158017041	54.800392294386
0	-1	91.474158017041	54.588632243711
0	-1	91.474624057293	59.910598544154
0	-1	91.524624057293	57.712667574236
0	-1	91.526213744732	57.678920620131
0	-1	91.543907537006	19.388684977385
0	-1	91.576213744732	56.998564395055
0	-1	91.593907537006	18.712089482546
0	-1	91.619538076625	60.532027112123
0	-1	91.624624057293	54.973521104925
0	-1	91.669538076625	61.21223030569
0	-1	91.674158017041	57.425482872109
0	-1	91.674624057293	54.294267471707
0	-1	91.724158017041	59.339105680159
0	-1	91.729047501145	49.535421273139
0	-1	91.736221084811	60.469968165722
0	-1	91.774624057293	51.557845612914
0	-1	91.779047501145	49.482826979312
0	-1	91.786221084811	60.039062777196
0	-1	91.824158017041	61.258878525238
0	-1	91.824624057293	49.519217284848
0	-1	91.874158017041	61.225397504075
0	-1	91.879047501145	49.998117091679
0	-1	91.929047501145	50.600027283467
0	-1	91.974158017041	63.184996911224
0	-1	91.980302038102	12.215180225088
0	-1	92.024158017041	64.54706829833
0	-1	92.030302038102	13.53470501596
0	-1	92.042224788826	51.260080585572
0	-1	92.089047501145	50.95593857036
0	-1	92.092224788826	50.830917525279
0	-1	92.124158017041	66.088543053096
0	-1	92.139047501145	51.585658277477
0	-1	92.168787758828	55.937470934955
0	-1	92.174158017041	66.252146188831
0	-1	92.174624057293	40.660391520187
0	-1	92.193000978886	64.427917160271
0	-1	92.200964300067	51.28686276497
0	-1	92.218787758828	57.987711330086
0	-1	92.224624057293	38.635276713712
0	-1	92.243000978886	65.120860843046
0	-1	92.250964300067	50.866565425351
0	-1	92.258699932976	63.036559583076
0	-1	92.274158017041	68.402393417855
0	-1	92.308327701383	61.099342115762
0	-1	92.308699932976	61.525914826394
0	-1	92.309047501145	51.572355928094
0	-1	92.324158017041	43.38837392334
0	-1	92.358327701383	60.703105900153
0	-1	92.359047501145	51.324867354845
0	-1	92.424158017041	42.815625093298
0	-1	92.459047501145	51.665507427948
0	-1	92.474158017041	43.088970564843
0	-1	92.484442148313	68.075484073474
0	-1	92.493907537006	58.187716086513
0	-1	92.509047501145	52.271373573476
0	-1	92.534442148313	68.473214353484
0	-1	92.543907537006	56.819843022838
0	-1	92.572070446836	67.848444473268
0	-1	92.574158017041	42.615487500366
0	-1	92.622070446836	69.055949259259
0	-1	92.624158017041	41.848847825152
0	-1	92.630232536078	70.395797274541
0	-1	92.689047501145	52.048917632046
0	-1	92.739047501145	52.679212860374
0	-1	92.819538076625	41.456575791204
0	-1	92.824158017041	41.043247103922
0	-1	92.869538076625	42.019319419346
0	-1	92.874158017041	41.435603204303
0	-1	92.939047501145	53.432791125473
0	-1	92.968699932976	52.809712962297
0	-1	92.989047501145	53.028991365976
0	-1	93.018699932976	52.126477653913
0	-1	93.033000978886	69.838023985697
0	-1	93.083000978886	20.549597743665
0	-1	93.089047501145	54.102636058663
0	-1	93.096221084811	34.78921432937
0	-1	93.139047501145	55.004103499924
0	-1	93.146221084811	33.255752969534
0	-1	93.184442148313	50.727274257293
0	-1	93.234442148313	51.421226845729
0	-1	93.244624057293	32.234285086287
0	-1	93.294624057293	32.823340652121
0	-1	93.368787758828	57.431853686545
0	-1	93.383907537006	40.995699275831
0	-1	93.400964300067	28.150501821935
0	-1	93.418787758828	56.366153525121
0	-1	93.433907537006	39.718720087836
0	-1	93.440232536078	56.427414491261
0	-1	93.450964300067	27.799397380743
0	-1	93.454158017041	39.781465733016
0	-1	93.490232536078	56.225573635036
0	-1	93.504158017041	39.09294914837
0	-1	93.508327701383	38.214906558424
0	-1	93.509538076625	58.499787833553
0	-1	93.519047501145	55.86930299542
0	-1	93.558327701383	37.880963472336
0	-1	93.559538076625	59.073292170439
0	-1	93.569047501145	55.388187194704
0	-1	93.606213744732	36.786336188847
0	-1	93.656213744732	36.187308359708
0	-1	93.678699932976	52.948589230901
0	-1	93.728699932976	52.259602965464
0	-1	93.790302038102	58.007115498374
0	-1	93.840302038102	60.044281418952
0	-1	93.862070446836	27.235145964641
0	-1	93.912070446836	27.530123649111
0	-1	93.943907537006	30.836380523154
0	-1	93.993907537006	30.307145747719
0	-1	94.060964300067	67.792626032875
0	-1	94.110964300067	66.357726619942
0	-1	94.138787758828	44.676387477637
0	-1	94.188787758828	44.034049687606
0	-1	94.202893882722	68.187049994939
0	-1	94.252893882722	68.736042125569
0	-1	94.263000978886	24.509945053757
0	-1	94.313000978886	25.625923877521
0	-1	94.351769116644	65.750230823806
0	-1	94.401769116644	64.225447583594
0	-1	94.428699932976	52.131347320323
0	-1	94.440302038102	63.709598167181
0	-1	94.458327701383	22.688844050238
0	-1	94.478699932976	52.819221195042
0	-1	94.490302038102	63.049414876456
0	-1	94.502224788826	56.813332015462
0	-1	94.508327701383	20.601280093871
0	-1	94.552224788826	56.791659489399
0	-1	94.574158017041	37.566419604689
0	-1	94.578699932976	51.511384989895
0	-1	94.608327701383	18.385319062728
0	-1	94.610964300067	58.776315948614
0	-1	94.624158017041	36.802083506299
0	-1	94.628699932976	49.640611919077
0	-1	94.646221084811	23.340303426456
0	-1	94.652224788826	54.69857798226
0	-1	94.658327701383	17.693987991869
0	-1	94.660964300067	58.758117303445
0	-1	94.696221084811	24.022764228708
0	-1	94.702070446836	33.172199300559
0	-1	94.702224788826	52.759941776586
0	-1	94.724442148313	67.370735667392
0	-1	94.728699932976	48.33374781078
0	-1	94.734624057293	67.927658231936
0	-1	94.752070446836	33.105016905749
0	-1	94.758327701383	15.548180127715
0	-1	94.774442148313	66.88140688182
0	-1	94.778699932976	48.634572771052
0	-1	94.784624057293	68.418966533871
0	-1	94.802224788826	54.350550270699
0	-1	94.808327701383	14.177623287563
0	-1	94.852224788826	54.956587293814
0	-1	94.860964300067	55.254063427091
0	-1	94.878699932976	47.364333277642
0	-1	94.896221084811	24.686605162984
0	-1	94.910964300067	56.698313661061
0	-1	94.928699932976	45.880889880694
0	-1	94.946221084811	24.26288806827
0	-1	94.952224788826	56.935673134234
0	-1	95.002224788826	58.046434426192
0	-1	95.008327701383	17.482744063826
0	-1	95.058327701383	18.118624227026
0	-1	95.102224788826	59.613198696805
0	-1	95.106221084811	24.092457024464
0	-1	95.110964300067	61.188742681906
0	-1	95.139047501145	56.182770043966
0	-1	95.152224788826	59.979206460117
0	-1	95.156221084811	24.71542809045
0	-1	95.159538076625	34.689729682126
0	-1	95.160964300067	61.76150145142
0	-1	95.189047501145	55.633648921324
0	-1	95.209538076625	35.225247213726
0	-1	95.228699932976	42.715868931031
0	-1	95.256221084811	24.655109114382
0	-1	95.260964300067	63.674044978431
0	-1	95.278699932976	42.910287804356
0	-1	95.306221084811	24.120448527642
0	-1	95.310964300067	65.16013632613
0	-1	95.380232536078	26.777585419762
0	-1	95.406221084811	24.187556181867
0	-1	95.410964300067	66.778302105344
0	-1	95.430232536078	25.395086639425
0	-1	95.456221084811	24.553061909301
0	-1	95.460964300067	67.16771694677
0	-1	95.556221084811	25.960133284399
0	-1	95.560964300067	68.606547204186
0	-1	95.606221084811	27.210341790294
0	-1	95.610964300067	69.865971510513
0	-1	95.682070446836	42.672316201167
0	-1	95.692893882722	57.6082090446
0	-1	95.732070446836	43.912416880545
0	-1	95.742893882722	57.064815880499
0	-1	95.779538076625	33.69756991882
0	-1	95.801769116644	41.777735807894
0	-1	95.806221084811	30.322468991391
0	-1	95.829538076625	34.321735713054
0	-1	95.851769116644	41.765363613322
0	-1	95.856221084811	30.51490437765
0	-1	95.960232536078	18.164980660424
0	-1	95.960302038102	39.430659960107
0	-1	95.978327701383	32.896499592553
0	-1	96.010232536078	16.810359736039
0	-1	96.010302038102	38.569352923949
0	-1	96.028327701383	33.793623039087
0	-1	96.056213744732	67.56760592267
0	-1	96.056221084811	33.60920349316
0	-1	96.101769116644	36.743111567201
0	-1	96.106213744732	69.566048827702
0	-1	96.106221084811	35.054681689252
0	-1	96.151769116644	36.695351550107
0	-1	96.164442148313	36.59195276316
0	-1	96.206213744732	32.59092559488
0	-1	96.214442148313	37.006698303986
0	-1	96.251769116644	34.773297146984
0	-1	96.256213744732	32.542363583722
0	-1	96.264624057293	43.975476896973
0	-1	96.301769116644	32.955641710323
0	-1	96.356213744732	32.286549105538
0	-1	96.401769116644	30.620617292969
0	-1	96.406213744732	33.599149132148
0	-1	96.451769116644	30.431636494267
0	-1	96.472070446836	52.967977913543
0	-1	96.506213744732	35.593383713234
0	-1	96.522070446836	54.320091348597
0	-1	96.551769116644	28.075583764029
0	-1	96.556213744732	36.1252040292
0	-1	96.601769116644	26.11020050144
0	-1	96.656213744732	37.597521571199
0	-1	96.701769116644	23.631974998955
0	-1	96.706213744732	38.729175790374
0	-1	96.708787758828	7.1650219814547
0	-1	96.751769116644	23.256760764384
0	-1	96.752893882722	57.189068053099
0	-1	96.758787758828	6.4927032305025
0	-1	96.799047501145	55.53782724354
0	-1	96.802893882722	56.64541298849
0	-1	96.806213744732	40.291000487816
0	-1	96.824158017041	59.352831905799
0	-1	96.849047501145	56.098055182501
0	-1	96.851769116644	20.786890296842
0	-1	96.856213744732	40.565791970143
0	-1	96.858787758828	6.218638653446
0	-1	96.868327701383	47.966401924085
0	-1	96.874158017041	60.025339242098
0	-1	96.901769116644	18.903521490479
0	-1	96.908787758828	6.570043949941
0	-1	96.918327701383	49.110533091881
0	-1	96.920232536078	6.6064642588796
0	-1	96.956213744732	41.96910984795
0	-1	96.970232536078	6.6114605768084
0	-1	97.006213744732	43.270127541134
0	-1	97.008787758828	6.8476754844312
0	-1	97.058787758828	6.8813589446794
0	-1	97.064442148313	39.45299616836
0	-1	97.066221084811	51.049395996464
0	-1	97.114442148313	40.474625912673
0	-1	97.116221084811	52.597301508852
0	-1	97.188787758828	7.8377633508997
0	-1	97.238787758828	8.5521331126203
0	-1	97.263907537006	35.189092294974
0	-1	97.306213744732	47.98371318615
0	-1	97.313907537006	36.758146703086
0	-1	97.356213744732	48.120979102762
0	-1	97.479538076625	35.051659396723
0	-1	97.529538076625	35.673192903709
0	-1	97.682893882722	57.542068625318
0	-1	97.698699932976	54.234345379942
0	-1	97.720232536078	14.579470338241
0	-1	97.732893882722	56.992730105874
0	-1	97.748699932976	55.258328660729
0	-1	97.770232536078	14.699670208846
0	-1	97.886221084811	66.039081578749
0	-1	97.888787758828	17.151305596975
0	-1	97.936221084811	67.582722248679
0	-1	97.938787758828	18.054352062131
0	-1	98.056213744732	63.18098483496
0	-1	98.070232536078	19.914277652155
0	-1	98.106213744732	64.715250713831
0	-1	98.113907537006	52.243249604326
0	-1	98.120232536078	21.208224193375
0	-1	98.163907537006	52.439517763004
0	-1	98.214442148313	51.862436026542
0	-1	98.239047501145	56.209820193457
0	-1	98.264442148313	51.758035282847
0	-1	98.289047501145	56.722824506856
0	-1	98.320232536078	23.826625150574
0	-1	98.329538076625	46.066554355831
0	-1	98.363907537006	55.016550343591
0	-1	98.364442148313	51.163298865703
0	-1	98.370232536078	23.91305225118
0	-1	98.379538076625	46.732880435961
0	-1	98.413907537006	55.852300362565
0	-1	98.414442148313	51.73465137277
0	-1	98.508699932976	52.122573930448
0	-1	98.510232536078	25.996291023568
0	-1	98.513907537006	56.691237400659
0	-1	98.514442148313	51.83862721314
0	-1	98.558699932976	52.815872962259
0	-1	98.560232536078	26.048224821458
0	-1	98.563907537006	56.726834936159
0	-1	98.564442148313	51.167382187793
0	-1	98.660232536078	27.001178957487
0	-1	98.663907537006	57.498447686298
0	-1	98.666221084811	47.361508932973
0	-1	98.694442148313	50.751545175068
0	-1	98.710232536078	27.932218790213
0	-1	98.713907537006	58.891610983833
0	-1	98.716221084811	48.029139194446
0	-1	98.744442148313	51.427184390109
0	-1	98.752893882722	56.80515112947
0	-1	98.802893882722	56.168261763514
0	-1	98.812070446836	52.342016024777
0	-1	98.862070446836	52.340733659628
0	-1	98.870232536078	28.882152885148
0	-1	98.920232536078	30.285495964162
0	-1	98.924158017041	34.75448997857
0	-1	98.974158017041	35.449501656747
0	-1	98.988787758828	68.681815076702
0	-1	99.038787758828	66.623724237701
0	-1	99.050232536078	31.650734717156
0	-1	99.100232536078	33.00353375319
0	-1	99.136213744732	41.582859144411
0	-1	99.186213744732	42.159157894791
0	-1	99.264624057293	44.08293292317
0	-1	99.285332971599	66.791730577218
0	-1	99.314624057293	43.389255791962
0	-1	99.335332971599	67.891527595957
0	-1	99.579047501145	53.355043050686
0	-1	99.579538076625	62.821641396897
0	-1	99.604442148313	51.964919029195
0	-1	99.629047501145	53.520827383463
0	-1	99.629538076625	62.907247299963
0	-1	99.654442148313	51.297410915783
0	-1	99.918787758828	42.416196530436
0	-1	99.962893882722	52.876722338516
0	-1	99.968787758828	41.744053750527
0	-1	100.01289388272	52.066808478974
0	-1	100.18869993298	66.470125363603
0	-1	100.23869993298	65.778782305293
0	-1	100.25621374473	63.116632993215
0	-1	100.27415801704	35.62655716287
0	-1	100.30621374473	64.518934931126
0	-1	100.32415801704	34.931728392445
0	-1	100.54953807663	33.951670549684
0	-1	100.59953807663	33.265765794537
0	-1	100.62904750115	48.171270690025
0	-1	100.67904750115	47.620708420466
0	-1	100.76462405729	44.08104408461
0	-1	100.78444214831	50.868038296104
0	-1	100.81462405729	43.396879567223
0	-1	100.83444214831	51.54609324981
0	-1	100.99289388272	46.769495417644
0	-1	101.03415801704	35.066850670145
0	-1	101.04289388272	45.830420545584
0	-1	101.08415801704	35.756437828207
0	-1	101.14869993298	53.255655635152
0	-1	101.19869993298	53.339443493316
0	-1	101.29415801704	35.388278585525
0	-1	101.34415801704	34.563376709142
0	-1	101.39444214831	50.720666716279
0	-1	101.44444214831	51.396967779368
0	-1	101.54289388272	42.079169547068
0	-1	101.59289388272	42.273241509621
0	-1	101.74444214831	51.289440017447
0	-1	101.79444214831	50.593600376061
0	-1	101.91622108481	57.230858579493
0	-1	101.96622108481	56.557643031469
0	-1	102.00953807663	31.553956245571
0	-1	102.05953807663	30.864734800801
0	-1	102.10832770138	39.2594782826
0	-1	102.15621374473	68.490577068221
0	-1	102.15832770138	38.571354622817
0	-1	102.20621374473	67.811262146316
0	-1	102.27415801704	31.340945355916
0	-1	102.32415801704	30.371460147999
0	-1	102.43207044684	65.157938422471
0	-1	102.48207044684	65.157938422471
0	-1	102.61462405729	44.015911982077
0	-1	102.66462405729	44.703454215071
0	-1	102.70289388272	34.563939772953
0	-1	102.70869993298	51.141994709524
0	-1	102.75289388272	34.855379581054
0	-1	102.75869993298	51.717767891484
0	-1	102.88621838264	41.230430342178
0	-1	102.93621838264	43.252701337837
0	-1	102.95289388272	33.719607257308
0	-1	102.95444214831	49.78602552456
0	-1	103.00289388272	32.864662459302
0	-1	103.00444214831	50.165883165276
0	-1	103.20289388272	31.587296004408
0	-1	103.25289388272	31.913725173747
0	-1	103.35289388272	31.21387235763
0	-1	103.36878775883	54.541811312599
0	-1	103.40289388272	30.207832563321
0	-1	103.41878775883	56.585937567437
0	-1	103.48622108481	59.296756534568
0	-1	103.50289388272	29.390900736509
0	-1	103.53622108481	57.707007288328
0	-1	103.55289388272	29.711786225236
0	-1	103.56415801704	22.281932513174
0	-1	103.58953807663	20.863796919741
0	-1	103.60832770138	18.6395518265
0	-1	103.61415801704	21.285842408619
0	-1	103.63953807663	20.7555282918
0	-1	103.65289388272	28.877911739123
0	-1	103.65832770138	17.9587810363
0	-1	103.70289388272	27.804608841756
0	-1	103.70621838264	64.593496300827
0	-1	103.75621838264	65.258251863932
0	-1	103.85904750115	26.548534300317
0	-1	103.99462405729	50.397064876466
0	-1	104.04462405729	50.323936633507
0	-1	104.15621374473	41.622277231054
0	-1	104.20621374473	40.966263553157
0	-1	104.26415801704	17.274697666692
0	-1	104.31415801704	16.445627487873
0	-1	104.40953807663	15.688382695875
0	-1	104.45869993298	52.104324554413
0	-1	104.45953807663	15.215278801179
0	-1	104.50869993298	53.182751098576
0	-1	104.60444214831	57.255412944219
0	-1	104.65444214831	56.567984895425
0	-1	104.69622108481	33.787021737531
0	-1	104.74622108481	32.543004235378
0	-1	105.29621374473	27.09264459666
0	-1	105.34621374473	26.485968438566
0	-1	105.40869993298	61.153660795303
0	-1	105.45869993298	60.9510161487
0	-1	105.47415801704	10.702762619746
0	-1	105.51444214831	51.479833055103
0	-1	105.52415801704	10.235167733834
0	-1	105.56444214831	50.884495943291
0	-1	106.20415801704	9.0085327183253
0	-1	106.25415801704	9.2158535051731
0	-1	106.44462405729	63.621958465718
0	-1	106.49462405729	64.309620534037
0	-1	106.68621374473	13.772890537983
0	-1	106.73621374473	13.558329020052
0	-1	106.74832770138	25.301051028378
0	-1	106.79832770138	25.985824386209
0	-1	106.98869993298	23.486878399064
0	-1	107.00415801704	9.7326615555363
0	-1	107.03869993298	22.811175267363
0	-1	107.05415801704	10.009228555622
0	-1	107.25415801704	10.185430123805
0	-1	107.29953807663	9.4779809114701
0	-1	107.30415801704	9.9842990726478
0	-1	107.31621374473	13.672484636904
0	-1	107.34953807663	9.7642893980408
0	-1	107.36621374473	13.899953483383
0	-1	107.43869993298	21.971942175282
0	-1	107.48869993298	22.137124253696
0	-1	107.60415801704	10.19903070802
0	-1	107.65415801704	10.529226836003
0	-1	107.69869993298	20.975490555113
0	-1	107.74869993298	19.870419793511
0	-1	107.79415801704	10.704752370318
0	-1	107.84415801704	10.302843003012
0	-1	107.84869993298	18.916314581604
0	-1	107.89869993298	19.051868791169
0	-1	107.92444214831	23.768809705991
0	-1	107.94953807663	8.6158141107331
0	-1	107.97444214831	23.401355326109
0	-1	107.99869993298	17.885311250073
0	-1	107.99953807663	8.3827587532447
0	-1	108.04415801704	9.2983273547126
0	-1	108.04869993298	16.635600642114
0	-1	108.09415801704	9.6300036150607
0	-1	108.14869993298	15.557739985277
0	-1	108.19869993298	15.621319587665
0	-1	108.19953807663	8.8850599944306
0	-1	108.24953807663	9.5397260690901
0	-1	108.29415801704	10.305701134111
0	-1	108.29869993298	14.899093239023
0	-1	108.34415801704	10.565693090454
0	-1	108.34869993298	14.094795966127
0	-1	108.34953807663	10.163280842851
0	-1	108.39953807663	10.014960603479
0	-1	108.49953807663	10.819127744723
0	-1	108.50415801704	11.751593490962
0	-1	108.54621374473	24.907081789157
0	-1	108.54953807663	11.6545059881
0	-1	108.55415801704	12.022185315409
0	-1	108.59621374473	25.500060637576
0	-1	108.60832770138	50.955152817269
0	-1	108.64953807663	12.029678697333
0	-1	108.65832770138	51.648852845109
0	-1	108.69953807663	11.928092528026
0	-1	108.87444214831	17.39126846328
0	-1	108.92444214831	17.11974707383
0	-1	109.15832770138	58.830106750647
0	-1	109.20832770138	59.52104610749
0	-1	109.96444214831	12.81199404483
0	-1	110.01444214831	12.666706608129
0	-1	110.61444214831	10.773163592324
0	-1	110.66444214831	10.600119880679
0	-1	111.26444214831	9.12405571233
0	-1	111.31444214831	9.3936739810202
0	-1	111.41444214831	9.9677909248072
0	-1	111.46444214831	10.10147920316
0	-1	111.56444214831	10.721482843508
0	-1	111.61444214831	11.093381839958
0	-1	111.71444214831	11.664397470312
0	-1	111.76444214831	11.923037320153
0	-1	111.86444214831	11.966638279624
0	-1	111.91444214831	11.701679867376
0	-1	114.66878775883	67.197909868034
0	-1	114.71878775883	65.75939536049
0	-1	114.89621374473	63.130492468338
0	-1	114.94621374473	61.617981163472
0	-1	115.46878775883	51.913064409413
0	-1	115.51878775883	50.556261746058
0	-1	115.52621374473	50.498392082504
0	-1	115.57621374473	50.059155946662
0	-1	116.02878775883	41.8159650785
0	-1	116.07878775883	41.410590263134
0	-1	117.60621374473	20.72352082098
0	-1	117.65621374473	20.603021746311
0	-1	117.95621374473	18.008451151318
0	-1	117.97878775883	17.676320331195
0	-1	118.00621374473	16.948815280205
0	-1	118.02878775883	16.825785858882
0	-1	118.17621374473	15.869150920865
0	-1	118.22621374473	14.866342150938
0	-1	118.32621374473	13.53439908729
0	-1	118.37621374473	13.408226248233
0	-1	118.47621374473	12.165376919388
0	-1	118.52621374473	11.162835947567
0	-1	118.62621374473	9.838740301997
0	-1	118.64878775883	9.8284013278302
0	-1	118.67621374473	9.6313485883226
0	-1	118.69878775883	9.6961648068756
0	-1	118.77621374473	8.4782017295248
0	-1	118.82621374473	7.8138404371344
0	-1	137.82207044684	32.707431712607
0	-1	137.87207044684	32.166802713093
0	-1	140.17207044684	16.552107085203
0	-1	140.22207044684	16.341767115002
0	-1	141.70207044684	11.005889306512
0	-1	141.75207044684	10.935228064813
0	-1	142.05207044684	10.188477999502
0	-1	142.10207044684	9.8676198454217
0	-1	142.30207044684	9.3835239938187
0	-1	142.35207044684	9.40370448088
0	-1	142.50207044684	8.5617795418952
0	-1	142.55207044684	8.5800874522631
0	-1	142.65207044684	8.1682091850181
0	-1	142.70207044684	7.8379396038764
0	-1	142.90207044684	7.1134697556598
0	-1	142.95207044684	7.1579503727886
0	-1	143.05207044684	6.8085551023145
0	-1	143.10207044684	6.5335573895922
