# computed vector file
version 2
vector 0  scenario.vision  crop(vehicles-tracked)  TV
0	240.1	726
0	240.1	725
0	240.2	724
0	240.3	725
0	240.6	726
0	240.9	727
0	241.2	728
0	242.1	729
0	242.4	730
0	243.4	731
0	243.8	732
0	244.2	733
0	244.5	734
0	244.8	735
0	245.4	736
0	245.7	737
0	246	736
0	247.2	737
0	247.2	736
0	248.9	737
0	249.4	736
0	249.9	737
0	250.1	736
0	250.6	735
0	250.8	736
0	251.1	737
0	251.4	738
0	251.4	737
0	251.7	738
0	253.9	737
0	254.5	736
0	254.7	737
0	255	738
0	255.3	739
0	256.5	738
0	257.7	737
0	258.7	736
0	259.8	735
0	260.3	736
0	260.3	735
0	260.8	734
0	262.3	733
0	262.7	732
0	262.8	733
0	263	734
0	263	733
0	263.8	732
0	264.5	731
0	264.6	732
0	264.7	731
0	264.9	732
0	265.9	733
0	265.9	732
0	266.4	731
0	266.7	730
0	266.7	729
0	267.6	730
0	267.9	731
0	268	730
0	268.2	731
0	268.5	732
0	268.8	733
0	269.1	734
0	269.4	735
0	270.2	734
0	270.9	735
0	271.2	734
0	271.5	733
0	272.2	732
0	272.6	733
0	273.3	734
0	273.9	735
0	274.2	736
0	274.8	737
0	275.8	736
0	275.9	737
0	277.4	736
0	278.7	737
0	278.8	738
0	280.5	737
0	280.8	736
0	281.2	735
0	281.8	734
0	282.3	735
0	282.6	736
0	282.9	737
0	283.2	738
0	283.5	739
0	283.9	738
0	285.9	739
0	286.2	740
0	286.5	741
0	286.8	742
0	287.1	743
0	287.4	744
0	287.7	745
0	289.5	746
0	289.8	747
0	290.1	748
0	290.4	749
0	290.7	750
0	292.4	749
0	292.8	748
0	293.1	749
0	293.7	750
0	294.1	749
0	294.3	750
0	294.6	751
0	295.1	752
0	295.1	751
0	295.1	750
0	296.3	751
0	296.7	752
0	297	753
0	297.1	752
0	298.5	751
0	298.9	750
0	299.9	749
0	300.9	750
0	301.2	751
0	301.5	752
0	301.8	753
0	302.1	754
0	304.9	753
0	306	754
0	306.3	755
0	307.8	756
0	308.1	757
0	308.5	756
0	308.7	757
0	309.9	758
0	310.4	759
0	310.5	758
0	311.1	759
0	311.4	760
0	312.8	759
0	313.4	758
0	314.6	757
0	315.3	758
0	315.6	759
0	315.9	760
0	317	759
0	317.5	758
0	317.5	757
0	318	758
0	318	757
0	318.3	758
0	318.6	759
0	318.9	760
0	319	759
0	319.2	760
